150
-5876475.938 31.94892
-678156 -977.8
-26097.5 23.93
21.587 94.18583989
6.93423 -1947112
9.4833 8751
6.33041 3560.1230
-113991615.1 -4.2173008
2.314562 1.9163457
-122.5841972 7.9845642
2.5084237 699246.610
-437696.06 12714
99007547.0 -9120.6
-400891.319 -542176.1
-5285 -5.00034
-876582.36 12245.5
10.42294568 27.3042
75.46118775 -817604.52
21133 1.16884779
2534.92635 -18.7317643
-2376.58219 -7687
48930555.0 -59269.4
-28013204.0 32758688.0
44.896769 -12.48
-844666.02 -445007
-3560.976 -2720.0
285.36710 29426418
-7753.751007 -99933.18868
71.1611 -1766
251.1 -652.0351
-4104.5093 -81.754
67.448 -218.9
-3358.33 66.029
-3.648 -7451.375
7.06573547 -24.189276
3375.8 817.3407970
9.9267 4.86401
-5.68967 64.3910144
-31.644829 -91686.4
-311.669 -9457.637
80742.70 -6760.81160
-5.43294 -77.56
3728.5 -37.5667
-83.90603 -60.2394918
808869.7747 50.0025
-2.639 -8359.19
975.4 -4.513853344
8530.48 -87.706777
-2.263 -7860
-3455.6 9.3478
5301912633408860164195384331845357492208855902622812379332365992719089577403827785142963546030535734524059802507003003510562376254256606488709166208298215323028216919729904560071542738526547604848708984076165700404943885643195398522509092554457696202907250749318642821291889664440644888553620829657086930582357039342619737813271664465951407043666609759294506782019550131870505624629264802227080862591182434544872782092805137937825278081850116959756851250220593060460925160759944976207436151105026905787710864081155170284006528222239507603345235326759.2690290622005800019922606695325838612695166376363769144858099734095618026 76179722576294.8155257803429546048606463522195206967116882223230827594516425858268436567846612209981399814926100157517594732881820286937640926279061965387079148786742385249271176968147314251202983006897178551033744307585114963562343754692165873556456417417253257316678799368473580175636090614352125030068021993173089618233667063609409555729814114029263953688181718772785264619853735760708673634772374579281348102505927636732605835288996297939703795830002379318645732585767571231
93500631699683028746881197036954103909852741974366853941025997187656016922016304461545938805880270452519861491819270835183236397524583375248015450190412438857168861197524364000415584038249066493458771652803760314122705861837446670285332342284802362382923840730626863688712180103674656412933008173729840925554842073965747274559669684933634828298887546478034710391403292594000924367551961020984536352272998.693006902816459305254779541721848697629621912741644158810090216670521693036009628466807828239219744436008104228215052591153475778811576687868132685212206911849457695978538065580391715693808810950525477603752078264973079929759569286635643343895739592532482891773295931873464835650033928714847656010524987486753111809859193001419629983442293223474294312623905872419493023 -7227808532757343157458943486126191827264832147568056682892049789637361186187203331966183833713182938989696479055303738302377194465419175991326307428.521855153348666
-52839752929643122786204791511.73800917494 331982730329229921141497949601270554660433192383750469882598634174344152706704896799832041643774862974203541064593562135772566659118721086736160.492448
-301557335974827601015348184118940312722742790860114163463798852609693458577454223750579.43017823695820767750393172188694316087503946 2015666347680647266699478546925067741353609522711290320866246748027211744460945710437483616001504400090292719208211191317611778281256821808316585898643912965458500024322177244202553187245319356146850536068424041560432458127399916404009252639830837879955510652736903976622667341290421242648658677149544469807883646006814007685878787929095346131297275727475830584689142822153007719802792941452750511914495207663164767626363412755475327253721899752152451165545034.2282731841061677220121691419913462874526422138571586470252733127615315233985759784409924388147210788899866595357280
-280210543103256895636093907062319254475867548478565640374662273293148829271736210801192293551167259839399794126132244527581160035635691517974360.5521847092289571647406071245492770952604292168782652859211313730654594780476370896539542243156244926012661193813578912299907438071009327384991258095483940965154514925009606369740297810012669238100664260568385930678035729330314554229640619726366287950983386739181224051298928640520837946039435147540415435333361842560808614384118685221442743893173564512758217675947240617921163416948090668533211892457836299252052185931817897459130648539541720174547055355563069846908150621208435391365401746327020290150337449585798032331210981996776098583294846980799364841594847719451650159183900047180734844369774509994151267454932 8471128045550652470884549515079259447072353106769050074327168041200468941579545308378065083183085239787627420545436001295920082921228266054590390555195516359423829281599891925474726651524257155452633297969305207691064936093697796660422518972963240757583490724350496303962498326975792.0966542474693732770638461442234225399201249442049516459884188005697593166194852002650558996811983358620105369163511243236633084638195548379390914610155194134911672532320907788363391524177374737293965646229871395940
4495050609800069475086164050051908198039964112128337946308871326713312676493808627920469779658314883543864465.531443136825367348561977121844066309206656604799010298325628473142933200744806792020865150783460677231881838654390541992170754620822634989003095479448552178112256384554808161967117262680564421978593803786288 -583408546203943740.0668021563468592153066453839990733422730136660294409347619517539901573441019637378687220871652199579376024484690717478579143675727514939284120898787420654600036106793140279010427233380077521090036407418215583899388483225114668482156120680949530000351144701634499128155450164540275331658122938148605379937817359559906156653256684331632305611989052257654456272726855102553145901789307713133935504405905261682778505017703801616279949608093292727
-9776475998129077746300567399083953248826914631956268714655656403753150663963651034134132396542387027910474388254225645776297346670.575057571184496571576806850509789630488398318618045507289099964749834 -473.345395216339
-8491143005174476438589156518297996854822121403856851897038606698831156843772994887510557284017274822913827018556531679981999740587184195092425736580559737699566732703070212831163802621658370113811819102479824499935427253329676092904106023413097667341576590019977378043035840653335091013591864327773918821592146432133440128742113983327379715682069929265883353970697085352057189649823071374944.095410907021044111399055997089764903555263600498342906430092792395468187344059494345844671163234587796387513974910013865811747704887597283079339304165652967262305771549240384431718752481033582553438064464100923808299422970794835133 -5874743532772836643547266763904980790699.200942104504616653329765782914791248385695157012244232558339083875267737864318769451123782072872032390557459551461795956110289530181466457034565011059204949385833297621465546530
351238274907782861993768583004962339698220319039110332356861591561850104402155427633116279878820107235901884245616048469574007210343183384647799633035243086685324120502181101269407139988032097449928965121827209043144773498674739861663159308106533561076446946922012059587636058679969499124289864291464690738430984165659635001986165355552551454426963913472424003551704273351147746598211264189482763544524314665711832739540205749452094207716710763429771568477759411113671970822685252376215271250144429367804691458864417347030105624011474264546698497632742192244415103195804976124339520003107143856238892763089969726988129259296596643669683710978055579498101424311930.4641890023162995133791838727953214780636792608083895021813265316323796452446533362643205590437202835763822789209062039637068814705707229575013901643153578 -461770730334982179662001179113654098978851540400650795232899247723421321477502353004290745916456565538473004529974630284264940519558593834082583945365865566438141572878143214580580257193634009589450890963774260336114152611312338518343834139731950942308798593629588271375796420740190587697130564589525215145615926844529013715347263888727277859803215676986095224292719599389652989781664579567127772321529.829873386720984481074604708779857684901133345828633810502467025914266775923559296655862714630873400490093855518940201851942593906856667180741517586618902665009252749754152707645305398136420695972964384595699961630375838377312245209986267047546968167430649799765592549728341724125879089263409505513186069432815833862604410744506090390213866511351228378991698385486719061548005213
939351101576675502.71852650769257735990938131926734991070020723620328031280368790786407273137056162698642684816150874697757883053344664420329738877098700913918326942349974424386330824953430891748305667856448459400516597758220693123447943408239559371743660606173502787680223710180085150378193440372350075860080281378883037020273715869793314676244940333701651705770494329844 -2668159446776664128889960526840500035313039925884617269052975004389826979733579586846447910046863069805735859900376744910411389532761501211676257083459326894416851453965107031419460419638532718618281732529046603817237706143963111634015839060212175392416545981336629133464600664061019040068982711906333011337585590666976520336627488065306521356552393616989340294558596725135530581549014274418192911839028511292524874380435367540924344235281175913420400144566298196754971761614742692963228133544778905446879046031348306198314196.617104257
422737225402417883637805164991753121061595125481825622054334708481903296027.67875877141631151666357058244902028456946335752042438961677661034039226236980200924449631104388058185398177789979973918809006967305069379191496243026835026761640432692538 7603152781817857.0282737264807237126913674481176632510435123860401969168880911316999065960784570404432438133761082212688377331429064488489764856191712551646248490848273603494197294150226550125560519959527198727678473650762
-2329607545710054693639191490645625699186545192733172092504321857919950051167695499903438087080012577816287257217076910791192729010655156791031270768290261188339011095351525390887192957282752024553496459074243074701539836361241428297666381165476656763014580545719920916304341664103480189423334113710725665729903631481947636.316015542290314032696517916790127643642117042262316232759910606445888135150386191819406098661537201382849732671446188659112437933739334648834979927305176270073398360373888658710731387241988050429185687999411753018689395675467168433225757440755935023156231695495260921070383755685593144203547221898126660 7123856928459686459060497632136249873443385309449784866510251134697060517435767045175949393913540376658272189435541681863422321344081649951161820793266496671241177479583427061230778558997543089512752986712721647085860849490924247797407.1221036036318348898396211969349017975960038180255303421251009144697525
-4822942249033264483022360971618056311872286748095695355867375966326333400687150.493331480102461637028499243085 -20951857664463907264484926819057431782982255077312936270623981608902874488719003950289791855855495783605561327874858203451726813182146388151092202224239909255689829584267124257430760438193532415299111819363851198585969637011079514112338071337392333231327184752224494843220072721556314328717974065043313267119649849987679237019521617262083821962254563428996132385409634597293801898604500766369526455152159836013262317336206809017299702478483596811981658830176784942.2022405966202619587958220723053789849313432804176995893084414608612332586366553445201673359125259363370605805140904773056861161328630941924420163136700643191984176538650606889900034304136934857695001949468276649404525575786275423997260072383779626180854885265317015056192168616626165962536863135076668762754298321627234622023114572817936662989612376604268721884786942486604809843078199950892336540398413952651445185098477177002621036680598898627093694267077108952557526620650987872126159305018858508645961125956161814286263
906613251237587474700174946915336465950772534565447879561004339.8221785695557745060085388266264223293698801476432205544105100323614982608327025565755808983362260096473066706366073211151018242733359514987111634824763797602589413042994235401780018032905201951828853004770068562138372811720923443795421 -9730061997859755300355387552292953656555000698688233431907746466651804419697588848693171472254594933.96231019112740926219449973191614283633917939938196961581602210676859231969795619945
-5985.198317773083453561 -9896916702028187957403965494878366469531372033683610.6672996292211084830409404246940437270687145074890213732489602470768409435988828629755988559552991906079386646395
5107869540618650975188.0491870883357800046668340327573651309073152274850137679706179156222563164630310957935042294034049419166875941929490286836262919758894200996654759156335095583935286167367694029619693265790278515309406495815188086167835086878899630304486756616747309468361567806730288989383748731388353878542148446177965998169414048113726357452724209468208668035566543754952900420169229714342538239036049775577814914018009175785747950660279934894375597628818671934963169379839404665403463150275088104676872109965384585978207435375970597549479588118294974112352384638147085228733602241084600023304876081959329311750526233784870786846394916400101204209382705473856957139170341658 6198890137069334505105283540383971874854993075672781358559658818842537241251480071058068840731803552826071979502428339623597025611965789515075482416181921323964407037701285964298055424285237072460986126113642.47263468301753660158383573713556738281664957883455315921431068596282403870618336732522526855562762752900743109773392934806088763159539387110288587672149472829954868757897276916929033238785239665386913549860307545264682269073494231631643489862078961728826608045551345422932476
151390240389010207922443581.95059105447228471175424514556022960406536432735600367353549464218606481189325959990671270383827514927199188872858859861257367809026289626143237273030408058378315433216597442090891657064623701284795741399866546267643430205682386301131064992229357987575243580732961809114585816192874359196017972614940258549739793711437531957258937253136727400323953374786343612165100264638711821539453062472641994222606491658804208085497701848990477230 -67211262066325210292943824300619853308041595135983445709845583069024970481137009635676172888108407151203021879672589399377830080.36020245307579938554529107051322
-64294405675228826331899278412902473299580386870901300530708342543700994756654010577231124601874899.4312290219198487602393769964398066251313562211705171681315884644206515956312528905168806281735407600690348474136175274157838143170043164718425010739563033775892537095990050788688401819608400305047964907468776688347559295301905258846777081609854560042475393990088858287688832696036083357189828477546529755172249462336529008900686378106275884746901572671131081210311121384997929942305937517750831372178001316025430153349695833199982499755735569026757418152890565230987296389420987709628610013298547245534510688779391714793968 94015282013388877815153711172741729848293100447378935636892193643422451258613562264920504759293103079567111313633730320620856156066555655651888198613141443792409748114134359439188775261661037584670090355327708400482168656334146222924456421573277834105593027587351419412899072773293926092376597189851371070273126998026559950342424478005690935358841912582592049552151401870599.146599212440557858237359011168371673096289553409157024167294628024260379109392988523078978595716779769266064043094459533249961162740850700550424144567253298403464053717185932150490103312190997081677163708754780959773931
257822380624583388139.392222836868430725161891995383100465100104589541134498068214013920715155061486461885555683267777859022280875963345427845214102498200201075004460296419417237477162596355073840104148661880097068293019736544807251398251771815412243890681522598565027304222033811778191966922396830997765961380 -25542150996362548999928230338372566091818440274701219310010307174142256005387874312144867973468958813766894484304355743932684018035631629283486763108595076949379.92399582158856697501174387987848361993703155496537213837332861327135480202190357674247779348898293241659769981649260048
89558869612231884317704207812649375964800051240406601684334115680534607952106824054997214982874018369690651583885267307473442022925934079259088268379635594968936502216730961974217565510888770102916442477765955826187571131542936196803520168051992149870891203415253096611698810898715369489002693729544001398160515457084958551922452651762858.3763259 5123530381981057909227195814380021372212891094943939125191612289813224859930564477761128130891165157967380673478750630482966541443655773726417.5281429425377414500907506000114505805362588
-5157819735366415975789390647564370453252653177670488300424282878539802708030968156152290696830287340955489935721804893778820842167611421394209427339168050845374667109409739735473910053036701042259115951183362040716980623505181357502348858415078414157016205778429902515384215292799247497626963118920643572055308688009833086740179021887406556467373948662110083984193926143116802749556995298520597412635820285048669847275733921805348924062265716324967987256750988758541129514526207436938284273153837600130278886012324521921034346244443098710958170989534272033362580139905864096711910907347312167671964403349995747164140835906735440150760115800654307505901618299277381795468975875780585718296813868497951371843421900518931563960005068062303110559416203.65543936199984717539530310259828272583529159952843563165029 -130372098550892840753508705432092442269716925783568306457184847858445350775832587897530037661125412190668310580103191976337850824000795784099475377018201199838250913156285674500001831222876623411812186845088738887523090672753921175563356096091926627329126941177810622367932996452793828318206743246184671101958506983830093069693302153648100106888094949328530233544991860159369234424435984917037225872067994824258571349437800546.631092181787114248104123732950573738728300083037473935467008360999280242916986862173209571606078160041666960126119706959064323480900050066766954244834837411330150644743093280962785660804603205498433264508820972226869962256132102668567731057266375693980669658168006211608382357767549503
-767201248502340455421791324175689042115476463693031159338352418306600621635674898736430403080.50 -82423688144949309981668.72900062697480620827484517877445405574843721489127036449561157747483882350301807477962334417244612671728719095578588482587398423477781583038108498719092792659154504764691495041380333546060586929025501881813219328663295449781155226235719556424601808717097951246284612252577481121106111843955553344985908782558456105882671144894885033230514758325229331326207839286238783875322831457541013114997553165293730283909384242873893505884263541149919500707048425306613484319828273906100352589363234790703966118400620897575276012852937150769773693205124012073984674836150678088512375999610228638928717743074122217744099630182633911151786421764800338505731237341110283639111846213585686012602771521534413149807539026395257970351216053530784784509083445591305390506573
-94283621747266017032877368938634852062348149814077499662039634005529423447566428509115378711993518241750037283177213794959971961311980569207079565164479597853654153278819439150743388547371685.428244218416953130190575391560727976562256030302231938733991312170152449681615155764249078031179577682376949522630294366205268355424109291255517029975836276565281453131300848617116057721436781086974839491624017184404824520025306594640042749925470914145301756894272812828905346588232499313578132495469255518601967800698433630852853903901816171579697597692838321918807806478384732655086347264239483770101275093510730212912149512493449430241288549567381039299953812537997737 -28162711376396032252195152594837460705782.666015140618980682236484646728585458865330160
8771249533286041676174049168451073578527618825925603602633807596370747925327089296959214497832941795251698801562452915686240408693284950056900397288025837321508174496944325477377336434514782172737026928558839863934809001655140299542163447086723512003415152513078121312352583483209318948429166659089259584489438223661821570514696140397979318273832877081600005649935894634032247339219401279226038195625680040900294097804800162385319843911864655061462460487255224250716617882080682657107139430722525324318305815884809694177755261492719650041911745435411546044624688505964403551673064898539.39881911194268032786903282089550219522119570894986285568867971947606278308911803051367872301219316619614873674839086889736492491959760719734949584953 85583657424729115740573684613760394494882140152314882668574843746058747141703129209849029173596627931867635426365468699709338352387994089037203675701202024615163250034956.91440294301855228576425929838983482136458961090769424557304428927853656343934662166551949420285521997274694635031429668207331693744938825970384666467879767566731495337189931526392484043838096735900262721990525534059885432375674435868858524022676548873632361155725595030319657327091199900106486915288390892894863245834415958034665807013623643755444926343265057122923500200991695418363834351438031392253183652533563403385560296510007468299829879328654878586741009505514743553042878117495865446511336209094673604693681073993124191416926501028932678144464162081032606382970783847191736719947694445733191733841290356040014970312647534613721119555371321324774584641387347690776257749312064936333769940033149248429295525794995448815909248809460920134133246994862525924771913622183799338489258415790267569095
8248457825413626853378482807945299343135194276211731280941911725432243312204842021338545879488103752876422082180354932373461958652092328228523402557046678664690396318910063254340666496676188729374160187775924846706788306077590738195883165155667401869810595429951274553924107394758179206078410426206345083282031562974045.29536161691822286256653723024823558944229881331314407487636991129405352591482796188949633984622082211033375153276307570669220272768177749417882681145855029991428267434374210973112480242060006788594458219275146788585672919625445329297016749913142727715506829829236494233086445386891643066618370709019214284188609259662436426309433772993874993 -87624588719991246147984515198525566701387188270071436751831.8047504454368877049475829774016625644480004122255588659399419130426510624029643518300016787770776938666404915804623947696488
-61071208744224099564828121886579273040085131886665306523757639337913183517050236136493649483335761211080518639612967241812110078648674017605427594144570732606430357295476547919006916852322159235773265931475214729387861727071221821615881566623572397816803566364752085544541307390016145558590543220868689822712102108698678809213364832669625354774953759325007173615671680615.72831982593092707271412295789979677823250926525421889577417588889964086969739510213762880093730980201035257049423329830756451683279117546872 36734158286534820085221504065880085004018237366087891364538344948788542819891654697650574596578251525917434181460697204637960340370087354941910989518687904832071369576915153890666982593867673260659823514614.093608765908384277434903374837072036157985944724024957999256848686444291055548732740205607416294815971186528708559120005583827785908749670708878216461229348241594858469841
-98424825592712839318665629686093905457908126835649560684793730503695210065856249955641994293358899466730188567696509830422069793305484109850833843810618532405011083349927196936943834379748142894290749017870265060019522960180021076409920281864640112868239435985906703278539944896578851183254797407712972694713267100555039739954796075910470673093604346743278381403337220745369331155907308382692083491589165939884347449020791686239061725909074688299599888341515723766693156081353488517415019606476279902262163156454870058191022434145371131524601125070015405316652169309140155242965776407504761801758548686469377139706545234520490686504574812703178093955972495920554822332093434711586919994084912603988971840744389697692831184564867209285730705589207163876287410776442261839008.27540872271184966431993470221874733940632218205341606515769151554574059169968579429386327634522201818539638764053493818684138512261986720206371450131354279012260992 827437912360842334361224295834874945861596321897895912239135281954550217004951206972930.73536403282109439445565944896560210
-4410619329495454304801491384912575446716.872195041273430743168587267149627696532471729 19580522920185424002574001740635407223725175265373180317732848892929344058320229048568565375420579203871826751119847214908929104151259366911102264726243620652607113596609227611944945264904553915685321317727352988740687641328672289902907151352179608522691864151267424160763648206424596875879525261340924263829651341948330036424926535648563639274883534357959960457816487955299974910546837336847638163404665186858597573290876441139445804008563722581412706765051639447707049274342006627820979051583099541833905041451909167832734836789271966898613414233448928786909373234674724960592216015967293270743510033109034041628729345202568532892066332363.879560944811797203334543067293049315167943551877512837552562138625607792959810278572893939354458900730033917903770062198712
-892124499581233934069063175189767405337540447210137208962269839394804453116571087856223679122020258834362822074751277812736.892131475066476025815 892355847401875163443825175149327056639157384947025457452490690090069302456773891995309813272710366503580249201658042058439895154136093469501168079230.12969923250641756566532371461905695017932481657334712180324048958686972931590067174684697400275935404763622218759260645874098477091836421918296199267192901328526844414810102687876926438093781389791830448
-1964951022728754638237638910.839 2220331417901747982005062785435525765264637886115130935869769959794610472943299622173525397091614080123220309916327220466620880074118172269178992570231994234024824733212975813994608094852939449230190634118580455082187215453870714731868421518122577264306423185012802336550659958346835262587032185423170814929787600908335883636950213995070318757221483368992416659023428391100313329099418435624218630472287181098559412085672736239349538016556329373914062716625545687493182894206194987466155645810427860372657405294911307433333604874432024687455430259162507206915259981945189168817228512583182664751453241404.693
6198539893426532403592124048355285195053869013997747103107665825200729309477234918753035870112443648639473715819322305642711365124336964637195739507198949410865451915034490400112160847054657220252.740949615713002078921280441520936099947717616500768749594878263126066211131346095581565322899665227585480398026617600099525729947185152932604153387828080034338201035037726544950239156142223990410927446512302320399598531102181167388128459932607317484565299620818757400321660190182258446489552551540798547228092058503515798589775431974148106735624713180929942 6036977198312557765179163201951493356118482889383890309148211133476420545664461688341230994468409847443914139617502004666803781199648189305497992956326919453538336797439856030983608741248818978353682587027673083175925428733677307363210765817518126811738041732750679731399552859944929700953749550664110080262077635697502065300609934097610874907353536629616919120279875145605045052766183487207522615723507132319939304892665897750097076027914922255585819789587085773803378532879984512163627215201995722750563999229424173466878448860908569709914053337997425995483717170555737207095128146684069854797253590318535650987045497138588821710935429907198536400255725903527813071461278955737883509460201368631030280244668514631875474464371177606835048622180454907382717052139605768654686150013581081.062087888038108339305336595515250677049603233139408118157294548442139243532204522442840623882749828740570695640501850421926915223488011776243
34510430406790083257526271073928283935972606441902065646626692666738827024423338273045914221967901277765230821582901935610531758890227240221468947498673522030747326013931875978541374896599563149000973562522846.144510064815250059315352389135196820451091295760293751766788392364159045184829001043722608741850180463241502403756 865483976854453852465642158748639660036454436546645867449347917222984625665952089904444470309049397361468426538781556933354853167398668350166174263128777360182280429983715446575357699649521276120263280604493853686176119886969221636484726252170614474372752218851919049005250001777622897734478380918276788155596251150477938145282046302053675682732109946778029668491597171209529820081336376013101906680348716526873838902145426624408508153011234999447553145450089537744157053005555452492215516827412556470165727306450546652688790260786973376735531643263925189060376804315260426239483988616481278107440094040661234719227179919593982586584636552571528406226317368750.7936934654807293941935841960621590846975061
7394642477768205567088955801421642646733201097097141370964736288372911443406844656627365621765717067598809119075232794.40176270111086510311649427268533611294164237281060059533579224444362295901458378841625693856190196827467235525170788929422726436154747116934787946134606231640104984675507331921029391919437789954455906550809214439439302926127546549835863371892197380924085018102759639564075577504675454812696683935983360347388355600759166597022268905541191408966191451576386262644406306266313047319285094014023533513904226198660332856614108654061740481864751214054697040741198993866680027272516342355678027982427624300643576278397109620293083076076083235174 -92058880191500653560375257757259958727783006027357025555778300898761134341555629521943423430136097991391808386836263787901288643985746540683318962206204915531032574420269862316995122538499852057321986329846171325514673730521190328512304497608316783346204706276008093154464585577557891773091576565105042345521804835806916278223213348091074192075016238878756166905558629440974525.020006207070263286657724088136233255666260222138194302616815654189594848209777905665300372649308286318566574591178151849376931528108915042071103060295017028075585905755280311413653497326831202431248799584579556181544160065192041
-3014947063371199335361724651064127128120284438455641922174657161016333771746866392994933557323310430849462.71101341490313880158723848969277596777343798464337230999058415911215553287383214360040687406040872262499345300875559294671357928623344445765651198086235684170997641729610032349552627886589069720968118905997972996760181443256199330204444300262059224095792844644884681822316824734966314711933575598933070804375660454371835567575029646850143310896550500394094918144665781948177812436973871890874927509925356128355688182827935820368205206557912400447705021070769878651954575627726723824097013487481869563143287847898778078645546756410800327917821383328080530791291447534421647705327541426166431601682762936654919953311292499096116794496423311571059101561200201334031854486917349363204379730035440442040488761635349182526184738030697086359232199475542922325719 730953760947042746878164657557582955519422227439975333250509344025782267839868840449375125397734448880381315639.5128202618909076028153577992804043200913859388588383448358063933323092306657621187024328261187219203481410802815421079369278592294790377702611496083024340426932152577509652890054003812455878676893768868878385778731185395023
713980068447727688204239787807138473120857699217931294811621832699367590177078667.181305 -1179973772491134929201405398579793291650270913393765948471087685917176100456018880456993649265048692626478581800415384244907813732109296102409284188409058660302881642078591842756149124785533006976918.257873870408782111121516667252642512796165802011063877871201728829941831873354813383541108531286087010395454320295449361576516765741055625942506584972221612449682824629616807119173218229013372043755604877338700216748425795175282573648306967620537983236790090460156840050258758523256691590306364545326791513469104872674526814958217156368636646753146380537
-824712935455262284822424518414851246527370305745115331809434016517925974507343774391440829290930324249.99601145508147727905727958471123732004510764494741874542006700279726667921424508434736446662867106506987181393436626938790910527114435859616496960009692384193509605447489450481292647459684031304347044993814242657440424089304753326266178336033172112076939688959636063528056092669775542489007986561789469032672164294382258069427926612509873555660778586209213294697612424445795022853767363538769280758926121545849087473997 -9715814500785852796291051214338986058874253637850459499769961611263749754165374878393891421518474141614.779435915177962539263211925087101051829836600172521862681202238424521917434729770117671358777212211905849213541915684713298308463397689637250343850617230378239743529769529749305294862230565747530058453155194286726276659987002146078672138616426578612256054689119412510859353339700066366011657525892808648937673376435642299229542189732528598499821330602104143899651923153823302842569919014485190258850333642876309336421424165164438828290094133434325763830478563653957213139419543472912011446010214924004900952082523004666521003777260188857147499918245446092724625011598201596724864403025335515187584682239755478
-456851205224691580802015075083228246709409925586977826157.977143626615601965377910616386920272844670545701016577479906966708686371472504707835077763833378843169003428 8620472064446909795527155603166379251652740918705247645678518833266868840016978595823078899805883343982831677129444897265159842471228258774698996280288543076395768686329581098.38370102116754164937334601502642739675690127250996140640232912325984795796338442128420913198439393555123044214408416401735784196935446466746748256761343582295711943221499150311406635669411702414111515282633569145102299578129132235816822
93732490508421728212342686472594655407589928250778050363339877637546508985613347039653551550623362930696265453723954060584800487324761221795139849084413813222598177169647236952858759915207185985569781919826290137899812416319372079301774668994779893849935508550549178185518400947644026782270408415795.267356728088538369203338888760556393007009951469966124386609577552552680309819174283028685566630756125804561092999480469585248582985100587409517442536999888822841279437247587350049833968009594309539486017759007065604210772260427231144018062395925699152575726805573400830826452114728499799919360329326271061825626949835185811670341779086022549588453322490401000340848038555902880387659403274858985160995037033 -4964836974499.5559479177863591632550814198390010378632686899649635173814198993753477522626336036839591725353529602968476856422385135049063256949
-916002175039423874442667858717382853842720864085651958909813539398180240.82047 5547870165377277510322871728089.2006952210254705443883564977342982997114524596971656713542737812207692871926751993754226437629928118123709003841534890435888594748777732400726632422938385358753768741928229298714866363876183351315855675438933715818941577194688342196157928685255113275116789006896228996979195169839086659867472864914204460546394067534655135284950574445872748376703448544614378274577300963046893608695536608365885784726721932782994850264652652
-52868051621880011518527310867804473835781136854056062129484899365004670757178384722160797714816434176981639865138071349264202816732999485699237929375862374.181824374055190610101210797625601722690605285075674 -578156225041097831221203366293248888312334012874383982617858206571876502610963830144553287816171560052693063195054533631389893063899728916687903325135517272606223355887339836768185860058053395917578180132149837529747717396433041471809736631005791998530352795224193757093960681744319012514132361186303.56840871801057647913920887358795
258262952423393437256333239214402836857234925030655362254661431535641464748983228974345520077176576216000115908.782068965846145028622590153367465931625160645432732229534165051004021096069440303482519620368655834279798474635304018799049073930059672368137022692971218702275307620655867290875847594836405 6971783674079639499326069272590328943950891690059411266310967685737665343630679135564649834794851102466888110271830574019138225699266793306.233749032305089341333345410818720891989733591232502090016728383303902688508978421390610204056379318121981021773850420619289347509128693071857857174015071262124974724083787673968170470566763355550452656886007136697989334504777273949144196991969114038881965199
3696767086963770115652739167886599600803475959921274904753225790387278679673162155101743499807748470431219999029569132624324059456336953447399331171901429468432597721868073754283530182525854715159049270872600735449046468605035860782955819842265960260953614846521395294945521144352599854996830458203068525554758199956563493007974598483686791920258538694858235450116459184664866173699724675742850689978142050528204705316796023963026903388598297488528456138349990438461640488216095759805198312221560258566174589588682328725653282527675953537423099488741994739820675099611257462646653404029941066814990845040025096617824766778320272880854180257249922225013499021.710742154302691303097906 23392668922551257848969767896129736608270185934554706110021511881958589135129204.9358507522249412962485005062592948728924680134020520603793609299899625376809231335
-3061092425871883570939881061785682063158375279834753337345300264337213674252.41051300902098675 33747443329645802490782429688983260428440201284114374839803893139552867942988894868414760593840474450588.27102365342581438581309097439582953866442842191777488612133736170151376323495720192352606365979192787339718706349090451676004368869159714963416945058323044503976406687780034250783855580637380104801452762826766128283727910738292060078359333184117025250831784361663541173877843167043782044652941760509385721256491231217438094090901089567329804245457828127473820550794233073757761279513630903614231052230477499637696293116253261650114806339965712375128809674847210577539426229159329002240602981813888522544
637.2492434839 8097208695890363601732818364854756720000121325878676745431156510016024000847945251865026373520387477668045642418122136202927471270740081831175075591081265157194323471827373526228398245310069025958229332830125502.28626760562107603998740867097691075869441099527073832485466641590441069509051634778918775418059902494482055901095502473865352720079824479558644985750670980393155140811068009935913484332688371700433487060996144050999143886380803469086551509443890311613728415594254835514508865675738765489709736961200389825758329125272244531535591426331491667436929411021877362263687299586395750131172994845085875144757731733551424548298292368848865631178781860505252782154144698938535743348602290273251571253950970135147670679930267700280899881661671983780806500528931354165313933631853663569250832022177145256185407814131254724895365289767880511398902007876886842084143888029446
54779100094807525918695514848220849214995470161247082073508332678967125948716398050201054410017858624815919569940508777221591435740467614092535274817043109234130927494800229283982000594795807947928760902050937502733045425642149448471610204081282291797591140256295019607746329593930208542576653569111735785301193746396093983938809745832094982795610338153433330150581548188500444416435675481994842136272411354498605254597739762521778563309688878136372293113488047108646687475254051790630337056844891253016330.6523123095569300120587134669804761762688159361425660618665080208112788206250120485676849424753986160001823011 -7112163521093274166873492703593926933535645396849416821579723360929178420381062349058569251010426168416167045387010014362606336716703458018067872694221402161968883135366637078949308702640210901997320079279003740382765191493922257355818109729139328445966913244399366520980493470484609659853780917789805405873621100595110858396862992059703684318611108.008907828507364653526272782779960946931803220323150016338426230667377829198315976128144003906636523613888813944276635359419030434853626929381320568868631977123767945601374257794259772162647657827305681153172819627207327495049744855167110275669095208624167807095290085556609518243618876575207192897069890452638190231794137937315386938123779338082657746419019705974962274570960865700324496772161899679988814290238157555450980545162370832778252819753457875355940090268884095753958789728917119250605498885927521744289590255709892939943451958859093144854134267827279028676747026381186877203062686568332115125418036669637520316813428074964975811522935553405
-385674905806526977642250595938477.9779260108174594335850616806433237227167445192029463213820914462680655010555497197680978 -88030279087686393737203069090305233284958348428355759949299214669854295636681556538819389271796407619898769314474128695694426792605936898878709444230816165027623028474360912103247572617860553333601652253316665434056293418047147366500837549996408351664876717742160393184618207129672481205960630338441331064682197070397.8096979114427776089232283688190485434319303646241415881068852
752701.962591882 -817054870000917400120431444530488434601453209938379433980397139110885135161881683849230736539491121191480894086084074725940868615113632110923511660.7677923892822525594595494281497483478073796752650034079136182059167285952600921129924502548278775799585597607141350170493237715121967827906104812072424345756107917001145752917532433121018318406274122881997582400860871033105811389615103868018602935698964898435813607194067005108764776006819237490688158554278038232068887335078580792765895658398353100637672325791437429699181355146771520482223830972234012090885090690471261197273981081509763529372703211374839291535902213807336082608684032091397
7128916593534720484063827322942407845822064139249189394959245225788873344926959333231631221680339233409660336127160038346023344356865348655313934982349031.548116491576054151611417486493212457952050761456961328717320286416939271141093767899114455507873123249816212612861094863074717736676383745295653854228121822579229063994609920617221852430034127263325017618749416647153851064748100133047832734352000593139564274306791076517229481105204785209335127422204677220856649126809371511658609880060524669841494131992592934926133722312350952428835346567042912651335405157118875712927329661849158432533480753442073152993236786595770014756103191580505803159526564835955139645136087544875244317993035800608100481304772966779010844096881922786680871009027523114404453956163151181082809696199231556425341373230835580061120620517106409882325664272104119942031963370630840222262808834671230984865347482339995 43077378059701050930447106219526719370641051451403829978936310029896369883659439073029194382959089599019804554304486418544374806315965624088651535127185182374772890106371041158581960951375631636299268696332442603833513963626197896337598813427829503728857251233128555964262249498606307626078125056741553281436601555764576338212980349041386472953750660040652757953760043983633557259509494543397692265022173386311806128489514401636255326442592180940399521358000013165197544316272360816262303.6156018879860573404521221589966026665374245065284862043037563323978300305665287165205818594123751393
70570075698319457028315151732228718922739118123597157993309539655116149979141384679792677663856274796505098.97805371691789266705007093149904944871049384588428898600871 -53958696096478536210645417605716500052282463474616582206708549585978597001237604708291605760991335145874856640353580485522237337344281522437230684978201155584857390362512714525544126057806069149203780697167647546871485652542778304685996592980713681512512904671274080585297482826718298484572926821955680042798399758969757359683677380216858105704684068450102957671978856587278597326782.170566642628209751404244551931921974469762361745823575432264551909455437186965700552737057956673834189982805388192627926118277501656160877221041804759003339668806287146730012828080188920572784633631174984462649326474200321079937929365730273033368270067053125715953061791790419939532044025477230780893952118617335688459466149743584655019982817914842531539148663031018299962531868543007006068460136379006903537
9787804321129627160758502618880774201119527165425864658007324626701910598433226391863115466099447862413061864.63235847611287468342099413984513187728925932753401302333634160372049743944211143103959824441238268446100044784026207759632164436707051361234373558876621384461546663846773337577339810488111848525394023393374365283386610307650 -208771131119320100395245576582103805359750107365314156294289102602317635275536522842851188183288213651785376004480904239674924943871748494813023946678938966571621357598176604736610556310349392887274606785036251575837774793740823971025802179060249855453414346258713503010681742979249926971733445844474001670464998380280653292923009806355122910102695205308307955825492863796411500433971260747604274450636754485349604002870123488054079736853292310881080509884617945499491299660782333363095501037865410291780198742432039357292914086093852559337983999557778083956475905629970500823906313284017320567717106039627566037669737272613834109268756424819126331211509787163271038472105547255571058802627655058349507081409043902124122732032871.2326730963943530252808508242758539369144996904469686599141480618345205037600718884475559969470761629553263771829660129311328025982975172101613203731442916200732564622387262311365350275226478537481934246859264164335498403464685
5677125323485243421990086511047679549220007850250982449204295066.80048131096100047850103375321764185781253332200802762153787420360926299527065025233421319291595829523518083203552532525631627948693897763152393939146402149536641455158764119062717655189 69921214060555770282271501439554606020652373897472920394636623838273160057481331800190066414424896978555385747931048406318414938044232834907483783745969912307678400343249646567209904965731832900744941616440867135517762399872394736438706505605999225750849835951623432641792891450092837616648017475000064782184737202524438801577642640525.4
87134299507806780184552793846403056726274908861468234974459366662205727502748247800052146305185512674863292822110384138520016323843688326487029048671283338672846756892062824169689486588.789454250405397000930078115817021011907403763508907097133804687951902168814752683998556464195668385769538721698580401864293791180359632943081320935135983072243753518518681193115881625339837894740447817744406626418503809464578680866279381984417694647081498279103419736694446870551014068296563930346655991729614424423460398 -463282172360654056462042086678828458356586007453903652777690185111099371036458606254259192733251333727996003314654114740157317155.3926662764046660587113351915505662271432685741486294895933
2453614854695112562844453814306153041258753703878638682661678040693722911739269688422547185740982053958720612867744910678533590107303716611104136045877425087365394776021058606025848260235055143703974129929103688386.4533204964677485182283865909167985744529195985130042764402627379132993210358685677671107614487116889847510337177310001671507652612531664022469020532923331894340280067381394099196106686590050690979978734120017620768762176020381632507859605165716910192277922833667559135860341448279632271695133129621427338383348275916976906600786888587541217149867812516412377088137902422588498826721264981419932796826570988166414592122043286326338986102022784804246727598645627703392465328606878858358186226042268724242042383925766925534163383674463516758971708450991334596982577896815663933187075588191081683893250299838182577 727075313726352471544880999677680260968216928577857343781821888715546943902230356082705741295129268984419424395260024218188889751945621974251966408254325847520436264752543732827361.48027275674977718498011051629092065918933447471259929247226604745171130015042324988725763084278450412960484491786413781020990478861796686955079224711704593090
8978610080278531.846552609085888912904349743972989209334557534954274427617762679798250013962604482544548462902875848215066803663499710238218311267133004235211069132033457034239950392755517548311202770933548853329814669543398560281719847495752358469869513079875471351187594311260528485456057279098136690341051928604133564707819284760098878576693885198909130564942343484658674176899771747078934530016262046050733543326758222621055127194131893070280181349367624232011366423556064971717670393689924507592860802 541540421781503091150403473739163832547728360153884219642832180004297009574593119944349682014296535821534036919680627396310445681298135256329309172660123364515690106300493622493659014055471941111581989708955215818953348965642957806586473767203288231750769513841726279036538548354598197024998852485733906365922818348211651681827232665202.821198835974189673224503486035076470836719227177498742103068280079813762663946101098578170346432775795729350180761160795437126907014916934158183417203553724857885607356545540677690597932396896390067497094716240380958329350902966775855015792622281459511010226290808337748509250012008439001999315683411680356681694803898774386933199393987
61475234227297580029176786409009237011648921574002728037551534104088782000468528055168344643635669278202917279184348740514050235854891294194153416485576676636824993388607381145591680087927788161168198840926031497833823859942301649023064847084947090443228452690543811790037173138146739877163633302214729505694589235499506492926724463970536084897374758681402137717363717357057184135736777821586224823896912598939038502295101519693873122485687195776312476233668554990597190754743170185830529225156465350100870378081724787748143984278581787844900145474800239732.106213201668318573548572052585278988172683805126018227383792920919967082734415601854839820986930708346543471279339358132667636340190927247952794957782805404775545644195945438530716397193808446043872 43395564846223486752241511073708038110005734047694855829649318549172842064348933120967772041243007991197152964817308417722236450527194400374531901783338130012451201776364695024372516596292653941221483222467836814470417082948123744077006445226299654732148.370390309004524623118599473585449265261466267624241224759570121084759132357383595335
2783626653805565998868727303425945417585337449267630082073713717160.313959944013861276273681720066334197658846988675894988395008100837146180755963991088186582782541952654446641186880524868213682531307220366168063795676208150023888851978331814671589188567077124803900856643949015491268257768081285816532603520360573877613249974776157370252451994194586935008026589090260273177846001265455152938266428501411943679283071638532446859276608689290327011145896988431114617216053397232082946996594493957379354134089672593581741924028817894347227790 -87870324425303639497523161307891686983293955004978398240952841824891654010825069635342887434241104555518865741956209518374831681174297352491400164750359150502125583310999520933056389266523175244737473593300979664641884035525776551526614993627382339080927514186189172822424864223830521334149722258416811361075454908611065281592519276924084865724733051047663953588146899588997693.958482129413958479542608729393553997059677263255659575311937784534340376494218891221261946522814633535440652424739967004950878748794732886736155976954424224305718088246150680880007865729595858378231866540881219071511760
7774991625057116813054562613017418404750533433855280608710114207920995323695399857896132696185224941841568248768117003845465651368376335729846808437184621375409639209834809364648005682512762159566689338053880437766939843910403093769589748409360414408863759865242785125584477799059853375795310626039195075932197215561410138887116071052426364808916319092272198077561550808252809290038993379128472170264296553678785422968844259326006309428441842471111516497792345406921642703792144373536172665031748907528069522879977015582636423786729579396165279254903909196547367516718095328828318773342903498572.923884141854689128236796701713129935787157818228421541706973223383604758202762803212011802737415704775740315517348987827437069190911628092570046788034012837666592472613333941961590744376727592653336583390547481541237466156231498245355657607727941215238172701967572027204724968613836423244660804362167249546678811098318471164 8577880145088581219201782943966180558817528239058646981077103845788327689.39381722374594138622
-299521633580015891065079013763542235710576.06766170725138771494461093179214590973195486757175818035709 -4211647880953127377902349543182279097431049017523390704922642440217430000.7217815152529829100155696865151032234731344454409114162062
18583640118140912562343292358230255084549265921653785940746020109321489576579030022665058214780500527256103884591857819022152668970687581426206701378973532447645732574759676911620375617698572343058414650662.1702667294515159820335173561617010535368361472915934326071573511306086737305217057075812520168126091750472007694305103278158948635758148140097265348478342675272677559142420553275012693020214888569799204147714025467701598776409893816265996420157054776344501350242000501057455128680517947769480016479101009422174728781155197363843988 732719421487351085565754315013372550427629687017646466004083211637192360094887283989442752453744343813272320377877012352160342473571954350590077792334522132427225086316503999179335978208958823166057852186864803743140418054372739047448819619126598081126030618220703857815466499041421745304014754704892337236765236839115510670618826787240946868148852602675068219719859802136791587877038375748074719512376896167431028009670033472209897791003216.8632344335894429466306364621615329186529468319084546831048470289077
-73176601491202269517407265104875576870597957443109084411990376270515969484879653346137829238287151674506913515921811905347124304103214769596513430710123433073274479638919009902525466441979863103850326919597349697.356651971450044040728754734061516597562730166236211159577526217031223052344928573502584522830036334309732818935866675192113927640819163412517455835350622944731511113454658842411619272857161852522395244694967306883122930567991358533582559729467645902737595758463115602828456959020423440534982850847004593410930621558302562069640018695195556733551107200295162609390264751158094875411612079325851617733894759837601261711303122158340158782129836474341859821153800207752588241618106079136894041985566080738242988603790084190217831981703 34243267094340774639015943151998761392771876188935132289402737863098420786394198144212547158340284426499557927110638572200015264444069644913384939121707066467411768636704326606254509784967920768009667939350852762150390336752523130007146784719366667527832912144020002401338539770814491158515901550235393989700953841882178649280576759595741450982676639528814740308529728813800268225900054685889720564953176163583245364127148117273479626180639696871243637612342295104994073792165047822214614229878659477251918942490779722841261630384773061760419938870229095489426726944611556526829040731152058698060157149031108804556837920434627062454951174642179170773435795627452166873330575098295416374.496465754641581103084457394854398367558859263394339025632973758339833271945641329161475225174189064570501779496138032837654547173384754540455094
-14396259815855572357878763146.1090846249599018204223372054191180249146188790181823999788461784395961606 -518818296384355445719538032103582805417280070591312319575945635622364791945801977238270708652250927671864519613443507449723248079681788055184048322176936855032760724989782879990197436275688083374615768890876799981399356063892463646391018854083875234439112858497572871498213515179645322022635825978072537069134869906430248128181799099390731164003426233030666118823766638645996037778459180718970803262583909073618836545291472951676692475358160218692608080829375412481419614088577612538601964173887227093969299390858015697340656507450170932390722572588615784097493170071374932916770309479700742718024435389040693688672678987891545829881513446285374067818304619635345012864602696568162699718385869366745329469690172220501415095616502755338025686243341838549269884097152491077984664373253.0355550198
51534679258541622580957996198801930979136393160729009924607802613985397857070372967922146840696644820457197837662965193927228815006192145081152334042098725353345271445572347099865828407086819667457394711631623317950336959632578403618100192380825568611230610798920494048195453197509539370924221718695352267761710738488629406783445387853088918213877706069081030743026880269197036355538461212025325348373521797421491793125450981965158499673365547803872571279543958276558183733673054820.02164594907360337277615894729447483113415899079587997121487317615936088256781587723929806812616780800064014654146940049850822427561934011960498497941964194835031364695212023678406216233379 -23009326116190633698861255405240372564758541013796323079542708526256057652152942365324995836465246193713145549604026831805799787105128755544225265705407243590068981131041347107497785325272758145809696946275261172446263482733599238159260182598541114796480652513237151739848418076956341402475145524861672476283210404565331582522581832064232938318131655452.3046475270986040813846390946916889368229839285100974327039022344423306433240247239501532860278398756085617117282008660324256226986377737435917057069511203043768740098497804760183586227795808973664473751572735447172337455666377509471464696920050791249216745906016359245347774020405929730510513544598503350748876242287000816646847171058263569291281157044346135998539021612723334641125397863045045996062693212314917129922309621328454498452162416000774070088151392708228683111126766119097148404302737772335706
1521772307567850791129318170962597020718791935094563606151863447640554846846761399711968247450988230940286323556474418878626392224216702543858220397573528163.3090237931929873986405992020687803365991902093618327703882619775606192480571828685661027234210958376019 939360985182926990075195452429367117071608329109467245213108934577267269297095084503803587397996905549672252627316604948428141325989996302822237580523293362290820547785305384606762079297296665779433451410863658332769574469875787048.04833930181503936954271506824211347475514063944701030076787299404271256694575013264328549882868
-3987119700006921.6267242215221789007207517105055724550367021484935855677121554011 8095862583595940274770096163068939823184057104949163782216371381539082571034255520623277839902180675101298023578465595765827205325981042064415185678618924851734018210401.62857417018102634322651837651585413410607779190627434633755961204179829781928169374115281943979976963
-110263572936496863734017723364972521329833020655847808053.684255922313241094820814615325242536522322344919232528149438622074911279413675440975015124308086378551593869321423173250656 15112477461391172089579795001012881560026500527675983010842457849029425901496278037330827003656693602318372630611227008841455530717427386561841238562322315038161032352330641519450510584252027825543425928335542675604009217328958304901301593558395889291083484465997364252121206671279888959077154791922174395819704064772303508020601848188027915143851360009008784885071083676453193096846574495410319595022007770512329032340091809930083067552900743860309854161049868935639881466279664659560451852517095204874002890825569999333731256157398426352759523829056157832696048990685152822161889170986286352131288447493683243159990502523126771567325892370866719290.261534527630837923992171794149456145074491530243828333320404563166817721126801059582660919519581461925841000224416496862746424425739100063777997797995588603963762949364154644238084208407955282884432542384768263628556311887002195718404045247838327401499652220766860
-3707558971851756419168734011180245373882519022073938878576144742448569381475035781813284831361912588703233859077811954876221700427623889280052082713650695158042507795853532.61559168737996487112692985356651482884708459505660698909340488480220991919577028373549425336296264738631910693852575768437108986617268386361780298132013969978293084637288293982891884232663314371369397158870324039981261899520853477327516657324164482711083548246693572381717707938427692492490312921982649199389070406625828179592457091741720912145427036555302767298409465317554550044323870438378047875691817145585065996835 -177471391163222779781644974582511865673054359453248559656000203009401066476747488986650251340827412896315662810191545508640487694947800262318737117471873631335822399513994422244782683260415007947651550663681945327875600302167207665538928962415410075387253312375680587411683001023481839076456119788043906043397297298628898209172331564843676467027476307222330351573026479125505970615694294325400517649612124958545162543062885254523351750486446444059172067527092982401682566499589011123065764466803920.905531103073766900566680581953742589882081637588462562790504956579558709810
-464787378452811260450443971787520692238028908229476438778180009866639872084863307220209401051169573654416562318689133363323854212559110064130944408788626611531349584216680774390479490624371534609065740167128692107773957883068215846127483133309443312410762271725182092060281487758179751755132353404287428965447173571874116942013107957169546952706631738360810772783533057800254548068854365462229365899528544646396677087875896797680900218935295441123198948505145.93427678260923511786737847856885256562606957873363103048485639645515862300703035514868032895241376923491861037533675911626392249773787422417671705183615126926980331005674203240912268326655763889443844679966821894350091012187535382699415385643428142391295162708387833399460904957670773793505138904376345636323694934914151355080970484699695895239654592470893470037305717457904387903239994332954964342 -10758021572879492732669531779491450737761090049673612440247139925840480959652853084603569678113652458788491430362671130121502366193725157900539232735525177567029375715508163206804.2092052630303976162291976262715301764698139650728863193322274363034335346598535817026977242798414738994861821363089724
4912009327201072782133604682966211825101727138094763470621795379318190623558262068453830912329334511553444271796346176988147713839772860979621174077107642727262677301782130092654313391248316036236679438016255896452906780838263242110854622395.7970537469349718426217380822706036251192991426458744236310718329023869952690139580981467722569255313792179483684083954644130302410296324501352928985228837279064609360121850089552010543225647373539864410950672987797033766263129236707309554228457663413872250112675613017316857509920398253199641490735403852179756980661484787793034248039615893416184495 -137022279174205993759332643919531062015313901867878461573.32445906605313359286036425715320276513994949913780684637114320984944748368287843532939229644635291107857293863300609354746046899657775303642261457617270418010408805233334494963487015414673388602870187636089316156472393766138950910017204933525432591526345644251528333783386833455925558721599192818822945074714168997211939313989648809238043800143950423953408899383721514737452585560991802871411154661966106941932197680945718014682446310463527247805416546267417556311073421488436093954827724355667057333771665972486617509686707227979608940289493178257707140776140537564900157341437007144156881429875916910486115776124279684585705010291561303861246633414744707511153053103419787214255770469362163398037451449138966804280400680192691148434734927105654449270203897014824317246752387037108409029985973275636712935708593417001076280842453364706803079069
32.7342514004431292829078140686774923754951131190558548192516200109503410782996892668345895676441925947389232134705996442769323589377991658232984206075055793327739075529969369732648820392406577354913086803991835375467363757586988578294925193301149440289581277628750558259976758830207705947768442196471700960639543218453625931324036202369127340082551400824294413628073253533034079533587673682523467086285155440072400930671670951051522857632149483793560875620981409390400677556536578266792350321384572274643666096137445858472469898424628793508563920413379477048942016177702204320386503821072716307923995960546917797152554083566319605995481955157024311603452042505387213956611642840563738077578714300264636116434944178054955225363098696514165136529111718645751773482399772063860108374772721463417386407085273797735375472629366824204176285094354829599237847537278079628052432336276135411548541289206320108145527 55160961191022963589875304378985385009088563816301098060103435518435821359905519446294618616796847741449630604009175519279133222366225531622588085333522744755677223293515588150776930816846188512604397493114747468166827916725280993243188897833499.262888960136129617392262015430096573977939164943962647769524927251661231098865
-33639232915948986357940790385246617736013433510408540640549600813362268194255064462257515135530904985007833753882981125629383343251752550044697781710650103943874726595730425060312517132842024076993237908319016304075648632751670093235931449902464377827617071999119085478697690275515388950924209489371714524454636804288041112544939166365589665119033856921052043516335051516044977766575147922502053740381157876416269012392151952587982391138193607089705374217912085678211869755301945145400028130726726591407073014349388864866451693665870901924602237035991125637547114734308351723489745233673541629709341085252739699021.78560641571951837555928272585361202693640954079767657955976517394359530965068843841667740282578278865455609058339349680729550261738760481909621119195634144075320886837262759766027494315580649583413567204365048960198296996597530296140040202431367024110311 34030165969058083086253119100214787242962997840605696664487902416469869519395017798882445724522924017463830265347006993975171523718852780001276415665059925105868169432405245097213.5650732454300010417403897361373138881135354113318793595815554195670240105039871137237557769445719441812388883063570043739844081687
-8923956813205042936875277349454952736136757747523280764019992982943361792377253371794766125257709437614636832820948338072825740030898756187837745699974378180122306787533316269310782556815163670839530550076115296004655578857559958360823960556167526717830578636972552784156448189382879242467759118922409147909448132268355850121437870469751369500340647370127269045210414926824681330661997019650447321574279642498045123190546887586077402616439803101120885227556474810685642438960200391216850266402931192183761570711707918529497137830867113209736276150530475662221151088486528814231744661620646925249068518155217896660726377350461990911792090309195196614292361699044584973078381303931895544774556175970986738130617346195384218585786914460602197811736624908673646967007416972137701307468050874564973619403703.23195390962 -61403463872494212304542115959580848191138616287668174232319241396703141750896545357468296188319100956259149416760021787984135408016266144135347322405522935287914568004774606932767828459883992747455918327796938007246450009063724814949526532967448315064094101924935514491409261918469276738684011155966764609147.044320704782016670931507412372074372783540954113309828494481039638229799733067563045992417175447583057504603355658106945774202450307293931478509346418395211722851929349306915621571538392309354397144560394090043545932932934507572258201041067942169154017079211023334966578757760132904112225926962906127399001288601422550343809946654487265370218137098917684244553815500576894072878413155070103356130924642503300014184149175129481675773976937391715144661735056364993674042121547060359555979382049917676668125912765339213413667229
-49579648996635172469575981602954882666765721127092400816767426448116263416037053853148773232542113408399340063706323652893713769930010545781478858799574352322885997821699274603300383861762750511979472913385485906306417859211830798282727751692574988420005000601688079389651790126783273698140630900836361477843557170508499569689721038567707624938822559542387168016131467126658739713695141373805176499.81967525817572094667328286787669252237103607451057921143952097053201671562042092408621952563220994401602309308905318826345265344444883560376107046618661365418099359031975557755 956517146582360959556711464635123450834998956305274990217649196281206551606850445690127147411794783261908318693976714955406979146361.6806478831424972810274220873855381891893162
6733652988757170343310776598612240040651812574450937633776084493580623801011019378465215103270562671343299676.69721879219936424865450258815021522041680957653749954903104369466188271681074858 601560070517771498589414283862928781509043913431065064257422001293438715431881098586275462582404401605727928523287494551892992.743111294014211096
52504943219009574128506214.0 32608807350428167202632038641461114999404336150800511371501675326911860094927665914423278920612363119642508120540064907638750125253209920281950797536513356769308235690437233063914930607336666206206194883543765410560590205987270914082876606990735919040069175063291728312938996634755572565645730615072592395717455167980344341550730574977530865415760282698687089020812611694538059852178815726130149179752021778613476365237978043967644596346816446578744036.30620149795480485185092009302813875651874591436385017640246084851804676217755509393037470214744993161672330290713502151061652693637174357196059759115729965647400232807517386032819945075531697326478590824
-466954236521434188693919518627444957302547454014173358547995174754401262539294443344532819549192115051751741825670734243165018233175175460105148183960394722090756854411145108422044080989593865540729101261011433957337005359799081709239860876.4329386809657237349576166277903823947653719267491068099428987941347143396143456113520832844645798346487785300390319660876966104132239278557575453218837605883880952817833489906781357166625371268839025481158570328272407023707221064670845970263180830759613564063603130243368517094344269994327181092335710224139641393422341601317421453167443919303669999930529179742398804127856536493745141122408770390646606929535944358840354968597932891242263670922274196756935362133689781185495587754485779785441441416068777320397073582860711700818144780368166674541149747261449743732136054229156651601779021322676155308967083465987634043869228792684678708527808976222489592966827637925251359578829884775621981529749563779025399741004968214800075445441972755563233831269 -6464794272625998613576233258026475757.9203398819393392
-51478430092016923237878119259993902100993422843119430083823960332134212946367201245660151339931093764697932794664352581658270804153725908896019013581950800258808193170145569801083634180081881108685828144276545793731976399603767211089.7201282821238327440457682321554949604784046959795400107849514123827178165529455657025876843078221379278182680432567759048046473676457942555469368965960961012256002116345550436892013546936884946625851801277825267858712100861496074206860115260167304365272968767168337196600105876097416364703173498554006487721388642394346121271372649134113091389977759061804797847482083438306754605762609947441368523813807010920612351820634182721446470690454924688125493218065442420359371851464087938195830516106578917460643938185583765375881141687145176950925072442927769209624412340787578923254123612989357732477343260550 -1067645974391843017862293407219983304047164388407350348266559581016388961238037663597972104492943436881395452835481921303717706628421203633857872530158778520250749325500869955826128768467916210737193678058448519172724076368328878017948015230350310547965808401639070797643998052.03540933189946787804312919500733902587613087254497304402398529657567573351916223521464760247543816887592756737275252208202101594537594062883627843992266764857296988036650163638491395950810420748755522351421180412183581273495573973245754987197848990372189464787486656306729247537185192935988939862593385292542799818435031599916257567603825231989
34538152824235295715600260466907504712033418933630837452804807004332657886878529925397307813355982854664512647854866797472754429332185555041315354109166046546115601549620420615249795189205795352612390259256010675637983701307442900098516599675440220220918771372953009794049131366464609495946639672230542850720807414843310261492.563124320506036195567619512786451248506144867082829745715224893410829490482451091987564862084604532227444115 -80950058081057826010741701780640555484636661828925880020926358308142678368280596565179670171426775655073365601128014396680863711254948499601738679455131265902388177600547551333883326.64521515898950602933597920302089746561206243048949118195057882859549463916445991270591573160642625668561525145228177364659918367812237953575584251724349419960350504634015515040231585404947153630329068609230868216708089721063214584261653770918621220565983776286395739606117139086642654530334568606543273562618
25936422057116653018751465356773354613855415434133199995451396390092236696851844684198566064639597935063217783462550802139597944343734884276482340024667594632830856711298130460370406440507413336105488644277791706952461318469989405164534566212334310245000275780035959049853584026699986944050171754854211363645720510470353315827570036197016512140335929056824627161649012882261884346777698325034236569160197910451535687027155463627070316240035234563647564948189116715968211777111967050902121396698189099256782143231253013598512623489964802539991028671246566489210693450041587089691937569313768618498714541216151384517498339616661789971086463815369430486038336758367626747935295775752018252156491798881878714433310068786781152947969666939432916047099429985259185984811008117477358427239262300147120346224148043619117010265333970625110450567619684208845690392768802389756749137756969961947937879884839517471843428385426219.456855533699418958503325076847057396234988650 -2862661529373837207143899121702039200202854587943990009309439948623935946113385027066791535613381533609411592004779631379172245113804398280923558800374066128914550184887884879682307360756726190615675293676606.382343
86014651728454698548477757143744891273844246516678373372146228603485151267608438500838448632712253387057501780127312255883243811304922451217744725174429913886273941298676189508255180368661613343043048305339300187713228020131202767279079919923849938465848422459831422780784439554104296349615211984695720198355273231920354108426009211101082045819014637346296238466810452604229649840246455925026505765680180425155654023185696178660279784844691355431920869690434664678677684644076101462597274986834239144228054736736138797538295154142485447852641462497910365928726404162820838877796215778051048414894774809239641409519189006106112779715437470550161844402188608331054033114021780629430442001812450305276258427.138360534609558569088460378971915527171 -9796676256979537304882278025394431598320019850617387291303833861364869092304669116866836708557739033609284349765698867530817415142219429099515490947356010590057470244366918293026096488344058558315453877308898923163150470346254485954699475408410485207028174068257835163406297351215950231125360200954613506830980751238731645119731340075793939314998643322940182182356896661279966038171303415335828581618363475818643369351750236641459253299249266362097049427693362515536807683616143502226647698530996101449853980147178301949158483048630096786444798778008987847353972821662677115486388571451903312570919860891066083263730603779484911260599679213456329656159113329119381443102651693071106255623431732447261260135776940342714220407324324571360814967929980235651139311363900785703497011421027566068889007979115528484733940140528616697816603421322204014437865665398114.9566346059230753834283145584697745165
-64260435843364433205513.5797708580579514306907118663759460425202651104885477487884587078080050045126728348895565243352652705479359336289789654255713688222516555976589757981156436428044733199005422982738857892537640920692886118409598864441027359006272886490831128903833286236684184844755114179932430732574851 2677.82966922836768897297427583350122934716205767993019319021412137232514823572435979920269302469378801453438757235299087966013266362502940714624852005144745072539793328648384841701448880749017771668605
-90993403.27606474765408802786970493346 8082784191309771076624788183812060040612268349544664319105995791.892831292916252115
-85224189097191659278479090617842196939301326957.014608173554162653825913044287514002614007837093101523447851872032472712972551147764205364115362129094886521296356415943796489443146085879250891688768564002000816405862163627456548692203161199455840036341837633839384751761733001864321797698311476974250297124352021077461523565670745875268162616057512494562404377423944386937273099678048879832236627709531273122374386867490475007442078896705151265720508022233812 391637641147577722316500340067726232241542381856826050757404702684190043039633349818050745112379584382176074493706657899882429068902197732844158385726785451565878391962691751313523607273957734.706942905918462655589082413210992527192287163753762290200899646798991436476944400362786240014917754981005574347358832878463502501894298958222792982243488821243873614311187501501359352052406297338780994059223881123050532368150713907080307208774395447505120507355802255534764973002314575231697628364423535360475952890023804223420766393511778145418870959736309617905955614917814938277988082432644067110336623364221688657
-924490577438322058066966552100384250870682839234538020067256941619657279206125370.152919517471210248400588648268526471541560425862774866468641752445813795318683501739608129536883875764077612821654436096892023720658809914496846147801429079128137815711690145475459689409144560692218924007757173602870414396052886533435805821742676583931081271301023240032097640086366833 -1215198912231299636.146226100823707904904465067953406041497565510044124585202747135630315528375929867096820894861236812870325946265521683623737477441046902972934096352894930773526624972051619966538892094196741530102114369112199831709795349965750834689212382492587939116675384235994575771483415401406167452405269593597414409942562922533131327935068055665373489124935003830082462146021464482460685286156658616529488094993223697423465047308142115309305674850021632814379994901926964883615096775712031385687842771099513936362199263600330044348801332687886653670292512164695335155374256847280375528469324214654122748228436496
-67104724931392514789.58409971107489637807431910592131153 -49479475019043096306484117456272271157129097910599495189833743538827384388870271547055553865091829324554421528720130277745016113189137211627505471151581399457650842380320591953348079193665322451614372952007374690279528994894830172308750862843716611218776767201883461950256726057960376930982506063173240364329448495826252106643283407183868075550011113386409145311083182790025376245322469485623187318054104817844426730229430698059321689245346935848456634606338003893188152962162286413703838924859750164677396101218677576461693771312841194002110609422967195714097429489846190661177341112046034738703397339139787328875679256082169854024244353389585233171953442317088572897951225582302004630313105161208250892190173397799111823216543826052511313218355956081531363582887467244205444118018216905631815411583834.9445297441387711092420961271707165
-32229632358463128088721434662707958884171906139771826573906320987822901.876826299114938517602892327636091192676202338727992231076103372331137447303599181809792182806893562560846981852751873517136319905070535831932825561782472993561825463660408334946752706452229385259549862160594502980418616176564105238903831041246366047331897889644856589380228475439700368548340137098781703422988685873750054053899567802027684043370528963264568245600593257127462803512978392540728790992943562756798915256978516744164758682003379982892060481123801439479912006222343906201670417724275342354796146148104324061341074815059100356234719696714581384596119335882264438 -3503516681176367087357799980033117540538360573570419256453455752435819117167193125653174240907873821255277428.67086512937576954885786645554766725895141040323059125
774197639539902009744882205176283688891117685218068651514551837822510433513623553194365393298601239847608888727236403274323186100549492631890969503532969652460176285944.84704917340849484539183569355247853415403583345251389106856762042270350178073063847169280313917492671246489506429528910480355859681 -9380003050260271026142898156528531897665644125566305168430918460469954054551494617464500365427973214855691401682152855798293673605348729061195663732010526377552198587635967637375926139703875240685888945959939709975699350042793244848050430441018801825034764442136136177355004027372764553085919371331993544006779138361309476664343872221223219578290149805810423889947325868306225154663737554870983825333810247781749543786668343647199618712666567150.22375069599833877244680
1400932717276969834972107906289612280164960326459554602162299098744412706205009278118786038504568886375227841717015793156319428914600429766071259840792346171414025.68223288233886616342894464683224618978430893040718812151709431884220877482461477900008591242145506840929984545323957783881300427064242930310995796353710322362467275769382412747933339244463666328823602672082727534518453089039426891027306241611615914695547123928966174660682303236639312313684344682954254920366884241394271469247471730495459888924188491358891334054026900030845475387923783015598121062842542793923246896097196822886183507237565821959719941822091219966823473398979641572279906352501534517146315709663190882002824078029546819174140325695708604666785730147789328731447633261545584018011903649625504109503147447417198621612610146240041856087519921181007735839442693386686963324268393791266711299094074077910584009077084816226788712861106392492123214545945538184 -500908421511440064537668324780931989811358844699438065882056705.790000754045780434701526847949144083671286189356150892919163566587932169363740289656011701
-86611858500913347541208588757636219330733665466944431753192797634204560353710043152203558474008935588440905110282083689411973348469273776613703257598035067846483803060702299409778010346623107681301857804627136842996926099550648832107979866210108847712055458013438847167747165336546794303106095479019160173466585215010838722291449490970121612004688633113960911134095457184723791050197047744036617490676122486965691788111970154919340358639013922188591947.047397099748717655772028026460941612031531886 -6871213604482107564901110205394046375394815051188989318020531926359017229877279764282096880787868935907287303508260263179226669953163518392204490671883240188867741951556642879758357659965348823065343680869163823314510844481620867482995152631961131881677901920706744408972051493314432335243497665025882461957003162290868066242541329287106277737418895915940889290781356947790441374277623124571948619437728648026499197807482796631851611619809463465905040225131849059499948518404784208991118421159254884755849692315411612899990364983029332515595584758254016726062611040705136143338592997575747147113186283470801088476055937355540662942880131144869410636080653068457597585324689579426956796507471879530190577850471868001066187906935552663663502368196820124395239631984236197267660363386356414144259592730970784011944305453722768601143279573602726930670132140142166847619051076256046521483882121798175895352008166655250568224494424059029095014087313010640872297303871.143561954647471582
58678253572588470179454681425248207.2045989176495556093416230004283185319954931588173982 6.2702176626048799877166547471979480225508400204293105670801697078381694459875897442682
924096060400677274842067372452490810476564158678191340131716997212060605465411963594991442825507364183246721613574108114299728236980327057030150541824984358531787251406712103978691221689028793072240359173290922291628407595682093260050734233168105188254457109056881578442537798355691049870899509437297709829748210703225798196853257307667792366842234478139005858765577865169535239585815392858222599658076889651266893113994995824984073055552975151355244612657656261197760401565.11528354120821722842383783741348857407538987501495900607263185266015526125156936900914781254228449146898499997448427618064979296860730809428975361625321004682993231759462138335977844040981028127434205026248407328029854107599674710443181609891775564879163408246 -1050399931396058831152918988560928566645031279564419430.5014166296353018404200213159492237121404900126903345799604763839332465870792007572084202762856032637350801930412013517341012009019567774222240556442042360563694191422594824945639905222161037208177868117019597191600763034648831300600291768525710795466177943800275067506887693531435262152102404398382616508311094790688194409989744095602441799825133620720175031742742733793389874513381904836201509298936777018944314236135938971562857162001868701660350971930044715341553775702541319319912107967738756404777079941810245108301384150970087381012824004008304459247895854969030247880494148687433547862179632292835459467829512355113967497942105243325095494111455341175227700825636002287013195234285574936546914373819011939327171800526304969198563209701977435778700
2683028953672741628998733244962025814453435310253968320493439577356811510513844805764858833081326118444924626874225030380283175109251601275268143017220301997109183533.50239666903640895663252156364814646411589738058594049932800318488868965933117204547750870906851532196995202434732873715792318185510570636108164714634436142970300281303327683940521979736089036761439185993265970331517259152247778896272172673073969659664844877109823839809068174475149851392278675330124030450148518451366684327737270483647911850174979521288584308777525693117589841802444301003097698236615462941781952742185560072676466532773347378008312932631701860 815746493293328328780223873350285222901588389305791630626.090235914687896934741157914541618460742690
-8241354383600576397409671640098539284853175303660020123922310990492145032286434852637472242370853089121496035659528291841268885145017987555602738890836552339564586660424015593259199592562647649908380078597756021209786353467369913851335846638909997687627942148176237313402064149193816011145.831598495610908735517352803154431079126836683228475267136618980790577445830723379420180608588978215215127579833154519524466686103997070753054422784503482759903914105335928774266078826575082650128081166210594021057381284541797775413165922250781911749380626141319838 100958889869663861885544479665457972769270859360939107816324576755173275595969.220425276527954077396427441745847907393066659690851262659386865492435468485729572330055080939278535186272843182241039352156442119339570782074421177008769266783847649518046310051430883810075497946091650331204301692335332319698095436342575659523624877458698656855478720612382977744839633036330948109303576165340343206170
735808058155971743239581472771255610129386425861422633414938796392179040911319105836577464265388121605835842725189540174582438126207754587311646230853698764061721.033568386357128130991540341148561 -211933439139518665685624349856248.52092551890667851360669135100821353835160510306464129
-64059705757069.40409362712716859216213130922230018996175893076121080932396919375353183836033561398590917965615191011044509029215045244784226511885458149412035967231183467765146899161239933101717413521157156818825623079381286823104497776178080555930143797754905967771741180728729673038043822466330659439042341161133550722270521923142755039781307401338491484541812503390895915183799300765508297578427247340057973841428650100325267267739412549827326100456703823216951935479874640942830391841171811462050700279540938553382001039802079336000790725322849610782073207061628886544925072971023112768600337 -6372467549184986970486427830092733608916598135887365769559276323753271105825951268125944100770993509526205333092138590556730627737117640442254224591889516436654875878499806198692304215683813527463205516480493149914379497337474434686489033461959970009262055433612109411707468803843513076456820022933537019175188977413371029357865609595.099305971938450865848659655661221126582883727748778012799700029076564
39581270385135254187715701164487756452346370164953069963290408341383383950830153981730529641701668867687584296960955733072863247161709432444012206419029016191682029320631944826391245261104959464679118606528522500709345651718366911153627734973390064596.180404762874104803201787644357892058848724710184501239517884245910374231381132816777276608682647082053900591123594970696820636837418987686581297341570245344941869075175859708342389799285664986827132504608606543022143892068069210693358254286716036952818574511590397952801201917019552651142741628017432177766032088912686717533647898499412595608035342258500130793594425118829473919881602237955346523599640417544142872413674797080466803701226101095425109609766731907654574940371529780591501246152222985800383527061189966223422328749331275511502018957782914918689746808705063512184882071215723168923140948363824091976625091133992499902723168546409592379058834327629272914666525494763678558245235724812462290190596078 27973880722856920758173083934746614297878401330856326556135354021812702471016735452225463329718855372049671972606977156095175120744552000849921857989779774106955148900819791903902383833154880028710430090855569354189885336596586195740411336700402207322276498412485979184984353951563999618213336755574541871477104291999106879235173506618137283935214947410351853859001285259730151755243306327816837599471324899846093367468324895270818661150277077499844119146069095662795199971497532839777316195211635062358052325708716331.4892909825269603197501968050598960302
-13306028672330828788732971558343812086231105325421250328079897439691135024300174072714025335102266732588752445645981944724824286436994696552904990430294439957334163022353753937941384153341067110201868851436879754426598963557166890403616097240935547524262848182000152544605253457385.7764322660482833484853931631979381230323919871240673425328456212211780848446719377066825443604749733113762504653689214500933284337859709679202362400160025817787978731800394718530551 95294811860585746725277692298079091277501028586131091619868978863410233816088216232482053357685544192224925094088209661237.5218599402516453572837308660846140888412516349895365757745728271411878755433691934394569934333562223100782713656903456676070013472238425611377830910352988620489418954313702767676796291992336066010011513424771416435214744928216522764080478784816547928639901972000942587700715186006036797548662219327547376252928697397897457833445317427066636464913409881166119867340596012965526732322691621556196847567075999441738625232347521111739477747527876774992792204762228740812915499436364449218525002492974992751555697464156105981293030045969483076645786441794068804258036853764807956049382799432294948646908541679104176379361196616938340942952265821705913251870876760142339572638557877196420
497022476022523066290971199028031393564721836490133530292538853957609588227568219894856415791348120662179543237929090338654973.855766903595759303275192835005845069026265135581921418008070397627952733262737979991861882510796374598529486859476074855270744568993528670940836289033699725493383421383060669911825095791569652249044787307052284328564314434118469036965968663734891554451328906903578020153542049841561571549129409581109381071711785613779904209522048316631408762225240337111928311195150561022780376212105007778296075805059145335908065358822155690231406435379846107146184761623186501000940527564456160739048486056257527025065495924536353052336065234386298022970936113850900003644968728710269016469335264588182196857940173328482252211688904642526424775034622706079015108985153962479791859291690948224090946420833816165774734564422681239065313554023656693819748484956680271721736388903686098558880133971546379 -55658440811098279809130748816472871863415255873055003813494205622548038075536854736720934932252981319417290561717834009984284138057016352268525024240978887111499472929217328815692462701458964886481510539699813001947460015703238771006448929047622257202536988304282512818640594543503829867725817.461110488716306514022523938881850176047829140907850423781392320166344764921944387074610438455831088329393188939718835280059965
-70067481311735847596110954976143121131645801168703230858589083942003731399201469824629368004561015730410067771021554790184612857159022446324544884605627897514467975787423476787061663077346635295277243297566713343811332632886267963150219010440715399636280163144689487035005450818834951286014382632745623381486346371306641256569159900244895962116295484433022563413098138289291494119952025975052988627572518541208066537535616123315466061889535144403487641995640771224348246334228.053572108749653054860890806205001226813668578792342525515799944404846356840913564113061095714504063290 529172034513314358519874422152247583777121158035322491749549278683249421219603229330490554521565744299836813593834822370335613536698213706325678962405804825898218277977.32658216828127858798650940956235993764832399842881906341812682969763704541
7547783653068616044761404375601905864553151491148659334893711542567483114381723644064106034.8710505330705586654951075258212628437994228901843770670741512373567154666612373540716030347921990262224109318242883218279928369159686165488145016846048675673347079517205213965241646621441778932747344114833422178965761576045097047650855269232793850607340009189552232447610933216477336095911025887479550214725975403287717522042014169684814874157487248863796221123590888070655945749996104368713096704017807072065051235741654544880024757465523161933381847682227791284891753465423138256596280705297670364168766341268046575569133987739502688990637066501118249221455643764138176781950269766631437148382641597149588 -159759607262330395757321387194296101622091142710014767085925096044438464929028331729054608863789083071110608896868746867173236715318900051269067036783074060270717590769056065343673432333953250772235117882166311206184624151258317637464782207320096198589345799007065836245252390387941705474318922425342724183167590859632687592716486584490649483708013882471156265126927466570122677060112843677895468098299004074979732222464492969555905723486330209303910700446932082207369524070054462331760450448953806775277138666382748845075778369123441683594369157505638676066173589101267983869722500812558578905279365234590259133583190948560150003465032217200468747983660883861805013963162274674720181859580150563951972338405311287039663415702602241541811160271073390541994005023195274681993080357942602271481382545134513282825739820081302531198543010000710607558335749351787953455144315190041504358836012284425440029742661147702004588.531784539425415028846
-3391829847161563790546960295654240877677550471164571660333525990921771182238625878752067702675034949341942843592037147693595409563254410777299258134275150003677305475382523774908060232953042991138357551825813520680113912235120434375647176269304952619756575167773663438063620648998339489857779120675075262838904067547267812607687585937395089314282901317864500891691142280834785356610244104715209343879207189707876480488375963281699335633853828167393738808411529956564205216063397117502259031708060616293157939579531237910712283656301953066570171887441797130547666501760642263587888386700647461543031096780490700448211087296494488304168003820588386371102994364553453138543796076508508185837658874971402044703152691130327479943427783931874325677342869867072507960960490491839666802929321872460491505543616330500683256245313901841426773739392961961209063107168835.8064903191665435049672573 2986334634.46468043882620447359716606891295495189871396826350451472491481930453924043502209894432745795475392508685770951724295096821415028642996105375488959863861032296970325935952084716195081543850823096360778061096575786884462228169870971913999035586988366585717910257446255771455143634852345321271249125406574436841275252898051100
