2671417.1 572.103143
8542.0 5855879.0
4835.5 95.129114
464.7 788.3
592.145 768.6
98714.2 292465.2238
38403.1812 46.37017567
537414088.5 74338.446
60.173093 7542.4
11328351.44 76887.4
427.3 62.8371
707934.54 51.87
96.770 92.994
695010479.7 843.1653831
9762.46 52.896432
74585.62 63.95
817.858702 550228.0
6696.830 721.3
347.79 486.152
1313.29 5557139.2
924.10 46.44
688.04 118.11
21.436 50266.4
7621.70048 177.27917
11490.314 31861.17315
131.143 679.31
79.10 8756.141
947.77 26.987
7359.33 75165.7
90.06 9424.3
385.58 8713327.60
802849.5619 2259984.513
21.2455142 315.0114
90.96 782458.6631
88.68747805 43.28
463828.86 3189.2
53557010.2 47405.573
799.0 313.578481
23.72 65439733.8
38.40 4346.33
41864.265 379.9
7513805.2 5175016.36
99.522 13465.73174
308.28 999572.540
911288.91 975990.55
6161.47 2559.6
7842.8203 993.55923
81549.621 28477.23
8212.00 853255.0
799.45221 3295.9
725.8767039 35.707
2110.9279 98629.481
52.223 930103.916
23.426 372.1
25052.776 10204.04724
3016557.37 234.363574
864.800 789.630
13.6401904 5810.1
2290.42 7400.7
539.705699 124.62
925751.3 3201060.2
318799.2 2200.6
73.72 753036.3708
951.7 4963.69818
9823.9 91.8372359
8818.73060 98750.4646
393.5525 9096.4
51.181848 2458.8
4977.711 80737.00
445.13 73381.086
77040.28 92.0700635
51.70793 20.16403
6159.635798 651.8
80.5676192 7948.62
25.56055784 9789.0
36.23 5008.15098
38.83888306 19520.4
4771.3 416.077493
728480.24 8829.1
207.3 661540.582
935714.97 7582.002175
916.3 665.9
33.8420500 14077.1
5189.62 218107.16
52646.291 5281.16520
54992.771 6843930.0
12277.34 69.13
779.6 8770147.748
79.298 25019.48
440.89 481.476
19.55 786.9
852575.386 7626372.2
53.210 14.7538
589.103 83.8341
76164.2 8048.6
33.2906879 455.56
517264.8 905513.67
502.72827 68728.28
748.1 945001.5
333197.0 8924.30745
2854752706877289645850710054200911.110233376691517813256235038158454178011751178769334116998322 81084442458738320506964054203029166633095053993847746575948596274243437805705888311883686039456398716493689634358332860090208648644645532414519412919794109893010136978830398894396654228571553411786876824298652982327147485417843425873619564397199924349267283248988786920172171985504983141532986493366878157112132469017681672854702321464.821630518
22989308342656580329518046190441688442396312182528886846923094275578971576588760577411536910778629749186899858322757009885374037264795745938409376066651146.022984562179809173589135686311293878725135570906369455024762960390291824307748715062484527775213345920478446938196388195823750457703738558020149197744499033195076847461 30961707602369010019639089473368906647786.8056546958213795001341727511307792266490761291901720788738205348808741849567817263561228705585063399506287254186634634985286336037237416466683901551581688
5535242074454786710408592483928110790570984473677605233073697427445963561880520285580085171014140510883818226585991789808611787372041814102597133635318609712.0978047201158273076239844090631774945389792 2408119350853591488217323983188685555798650924943344357683898093101310673530869210242031764214816816054344834443442655108287460250219640448071395305212810681781970954058857022210793167901594626344984703763324049784485529837699793271217945788766647357681628117.811299769988385099822743699875533983702372123383914355462691287601516370597056449362735516477423599993238190947978549545321435149419608467000047402
83836908620000827386441294890817819626379759983280269402957400266160790642316016802890145498578790618512544515329153626300741.1648244998706668930787154607279844763774280066100267304858976438032187305905694664265903899103491683633531919901412104845688907541570521371089903012505191859222 3100281929124284304464390488398657250457619214221629554061984536883107.420334244393749797361356894765320059568790508765025043253979560160132337332042
8370337170554748319997784903.90496707094689290723 9885991171959586095118021162642711586438312730010294956787823568458488727956216130690657312253072423984161753464439792528001071579759335738733809163702640616144465674208662509863636550965220417386291901803389496766024448595286989436766641827997930.537
63844061965279464840006693161722958659401841399813119831192774598438.62658189490147689 627911760914882005423778675726879.7410445306509242400991922250523883751742058360727075831004278619352016544251862616469474216494597774231993727402567402741431147623588798510248057317729902354452658811606465901780214386388126829073946160937418605079019484163647048865769326935416111133360159732556806840941526925438043030453214351459752412581852413900896365936738748175709152
7616281662867387991565425066577343645171933415454883368484619715094586869176700285603776759730879873950.60242480065170718398558429521076680763017674493348605637312333547839718705034980547865156356057225641641188359324003915558101116736521844596917676824878038884617353677088022141823039449721157294923664647972 702094126396308.592587970851768114052580251696524576089596731381305943289494602536703888985783634272695817411193488296269482338550682118339657635427799502986315262279032761692170139254219498062167858934058523984288845020566895647741358273563796543185213436426200498799400040682211131275155529088325571224816760158999028
264335582865974425882064631999671155995945472820199.29365942342129919966963306467255114582115051392298399915476081605191261231744303 814908.75692582232695591044840782605304411380820302005987820968510300374589720524438883344898247352705068682965446866904414187879124540791521665238153965053188963934155947065902290712749871930044597762259982126975007316686057259604694295497316476409549148360811840198687009005883218615
51944889465566603684505075353169392619890495694861134019105636790657910454596855783067169358548.8335263054811316256745078140561900554991687674498382173507454018800914291507379710686914751856230694187945720335224600599572813711320877887777790401116466237588814164023434 1071419113176204990964976887734709130735219937929974126783519571023184919346543326615297897234986087467099232173249185939788700114096.392187499243816334370992743555494439275488908698021545580601344369796709735266622529255325362060407051060448356903443229620088787374945243137140211800752337
43465174590544226713907374822507297348018455355949049951834303131046881546703447624452043099318557187462356824219999751550402633697348801505438232368724305254274236022286892.09400438894811026523 962.04737
89069897782.9900884773106673717381729795862250479081738012996998175877741468889994108225510807337627513136203405137133231034945018405023283268944297640813437030798865506689518721215311508033241999916506410846180039870037077336814007422625861122656663583275829600311572565777939444865365421886474734648 782.15687034
1090860610129826233687687761208583184547663242897607316735331839365123869001686620240972018996330937418228714291023197615926022596305371184241805569027785411405467042527063773394128604634802226030419647411100976528307284145686004310262195997599172016361163229885054154981479687035293860283986381023332070517.419315662979303492612558304354953842 96490322395372109614850159634249250726769492032304132234675316843212273108886505781144243130337765860731883910774614106120162200726515462203630472230885674458786106673.8997730841732940912046549237203607670915322349668724175046625140072427081417690379313332919507159840813104223286408092252901549637034398327104631847301512295229785897530097248004019567502899238598273399825364729857091716347095161746543192003350548872
63819413101866393620490669063234231745702326650350786458057778688379496711463527545232244.923347340049 742999591696293016227244105929088957851449760049973198653916193247598914896389272201348266460626853041365244611906460854309374441564274301982672654013431760.86713746803965810384434454421354670011587644602053908415726061888308556452550783287206947075889093290910832875993462625671358977984754035006940195449356837462090145936781585871997057620896184247939729182184351737674908078834824583681064124696409136674995362375232835686414655490761116934533552106922216414563
30275573238653287716974098286833970655828717030951998116999665289770875084058748239259843780483527962751614562553847.536330014341967185993595085683297790344323931427682636579976643608379520617808800379865531655133705535967303996253682357010371365038902642403487033073375827821803495044811472953704 808182413441.925884003854224171971541
862556348248633413472372400783742494744.15393136403587356631109 97771471211449434527208161485920887026373248964836508399239435825997252343367008.3294459585644569109299867564869990342910673504395703549574136753245276797436254180684975856469375030950585833464988909833290895480648635444390066998244686030501708648277924979714821477343507683661440397590500477476233655806723239117855151386876516843643773123749838369866779519725976714480695158752927872721553339307538221797417415
802321786483026797921395190645908209364037546993015482259248683473318312650572168201699842786041494729053729914478935221915.441544251343695884424980950178197284905511524701165439679974445264016394972267392531957448779693155634924923548602003381818666123924929840478844074749842767604435259234399800149312635539799513984356390433913610938169888807645877796359232040994879890893949844464631433668641124491924556905200339209215372820137121213338816849279414627110708035391638919599631079446106193795 9961791839243566908484511947543129902824069434794176917235401480590093877603094108113770571048577853184491625179281561579807537821407873598970661880345430443157009981494864.3875350596915836142938405808096570384244212122
4971011324241158774229837022253470158434355405183398050401788251071816491449678333234.5397858885238835100334475165 28472212375400866004247517277042488846953183289848.3516607055786079657231637238388248679954046950024683859376568325068915
51195.71257304281463701151367595273666 1487602987094257385409648770488374797863191634128424279337061483526019548030526117023304143383910065526969969486254647670938746484654041677796934262.08987774401485880381851397258775735878998587542008771055177417183984458815357391964885010094242123365396334896919413403643622586858564457015926398099795841807630787848834093836189611649353185932356517045227934925602830377293323729925926102206503430520559521348857
314582597082315604892507689476711431084244279657961995706579383060664398193938238079408174363258604090222456336682355278.863443407794261483237050884807744456026633486351680659727715346649884003632494273829955660006312610984110651290770803864203444833718158423775637424454588992437 2120932677823741616190103686873212279827811422159011952383508177408125819550713210969668786579716498308721922786907411979721603516083220749873918052167900456618429096568282124335939778392117423180212094740509945.419350473037686190998730403269927277820992514
1398117374624147709402069546372081640029368277048418826466537976429537124661311666107202880207735629.11035043572461521055125619971465852275 698466614520214974946511999881320753587016379797379152362503057481521566464418844571883729870066613930235881415681433812605073596799559412003162.51917297830975992667790297484932739704142976994493749033123728358042834648731029543719441647049613215953069546
108217492311239866.20321836715230193419897444107856015026297860084271968673843624126926697520427478660890962033027912124596850082835892 5183864624573362011567448827754184155638093623654915526194831124206682518263503002853250499111526274083604618992643224445577076757083916259622708271060347446512776329010132009405579466302257332344987313412350083169972133606570543488428313173141082781152616302970380339623529537626189003380158552988162539658417369933728743951957074711024365837600299087403048.093882038193672957769957546433954990534600520560270332097916835878189057954259347803880048996927371541
331861557630704865210573200288146293138972362183051807067245230468704254351422874570545976225831577682626000237839773807089795352274455214505613955979586747415004644089548235148024054775290257807305269984158419983501371372282504410362054578768733201029854.119314825944258 590025181420535438951878077073800864118892432339016493881605524893776763170399940526816998562147555104237843175443679958422505288452070415291154445034014055881115424876623793737250271223892187306883515744771686572937582784130618.808095461340228155449320271234285544434152074910994390953327186425448339966936947435680306459130676025780855941796141127861060987608470989802980083130625380459902818681253438506729540168174451773081536985201904325422815535643900801256919173291951384404
108414897888353271379646143017490681412846947219410844780107380786449412076125705038243875982794621960557188005419572563556638263444835283370027365434848615954139050816088768257298211498731425.1082749909213126919040112953505935910243475846424 28424629.6134228305
56270896757176895092019015256922469645831434853858695927020763009402407586487750193792056864786789877359677863014860142527395377537584289511552230184680697291063770946641637924998783996487571955767249755963406533469247547424720569657998094002283600134553037191452984098790077889304483170840338355704584307793176557841558077625813258586114142873009817882853326244877617305652552.1022385436228687655110665050220820 9838139763588014492266525715293817366350477402564737.13816542603493880023611755842518009019302434192113172927729533544491341818663091756592290217463064553189852334501807899885165795680057263827473578046323849316123385935673977208026575025137993875504154668210170865695899080944860258871005130882330541015883408075445554464305239968028749957792490878323633694601350593034969931019460194223
33.443702818385246158529650765832351 863176919084972645109666327867754931054093710838102284895949699928367764252748093961188000168132901799853216090953670843780049370451448.02290393421266480655783645529004835918637260596440881899580112200233410060959668727903501888629
1329825946756055.1337780881673 765609940082058077.63982137381260138190738502093848678897811414240438428177905350254637541392850554226563917067823035110315522358613868968789819908983256833202174264699542239826463525269687552908586019229151555779054038589486993839644303800846301384875517850248
6590233037.819850012063569567624897832 35234180213933242796360884552356788589134103099708788647653323437653854713150995498533682472734368171342971714051867156967254751988203442777943313573578421223643485428321538895100371885.370926147868666688042796446823939737847185745338593854790466737558956574792599899620858867657783121332189918668339930280258528195749916951514174947510895385251415446958396819071503775800350364776438583735
1860649621802606536320719542562866128766283292654519083072050099578869312134535836521703600549064105760586107161497104220680163698823987163918921854114768630381875907645056440354691309417510068746910772110963475866718182588725281801675075194342683919832504833106032331496823246144754261304352811260.3183567974133642460296129801841451367285988286203638786227410886930663464087792628048769708579648789120520 28751867767155195141153719402196513361181582271639285434674902528623670330168346380282217657717395581683677060457147140454704381475905201730132429352149298410535712579024537121162710542420187650365926475993039.5810775597946803218379751423171865655875556079278216675061967384491931400755
3972087760476092063659984946498550262617567396130759100033238599730936865884195972980716811463619486542510655664825712390825783565775.2591055807885401981125607634404141092735956925117349507113941463195716467736473831468229847869923513332577931130328535558681627336312123435080122017516468149018655146250698916665433958461133064092406132896999562168075147849459883004033800338543412056168713408744082702492960452006779384232291605232988317925673891300152224958655433780063361178623829228179874611813964 21633282478437797020151046208224035770952922704819331760855814948059095431384707845583795926240194223914398173304386797906547693084206499260687961031127055118293944529070284378746762292430136601909852792720849472009881379392998627068095705828660.347154228891242552700167335612978426798681917849398215899986018038833067635603081284868526357673204305646129597494018271247472260038555000878597678681940629247945120444942976655979705507584901975159879992673596036
20538543159647388688298300841509046882617811284044390710760780264452054052475518677698101220192001925319088673517321875128314772106950946999915767767884371167590468824050859771225719545640213954891201212044599132839264104214983368501073701036920032202962755178764919869754531677420324233806114148667742666610317334.55401775662041027163580041795968630429742976288295124236481676389697981080064350445387499841842403102704024866712547748 978646380944136530061009818100446134299701.9379409447927930
72298854326219509432775178336563070832000844873926909462888874411037817594038139402607456859951587946679570659089803431609416140503861008446621889031142418247515823224815019752733659180603531751190454069504900196009193515332591575.823337035894932165313870589075631249353457810199582048485885023783535912379574841348044538683652971336062055866409052850191284425896636042533119758731451005481000072925058775377403162775999263245313555829497399903263212469162436429910824085148214659764282 70210739672961180239398722241719201001086011760682279990348501425900170815495004138838443740894067273430354202566599570058023314636201055230203326828061389593729493633348157119609194589857986067505656919515045160030911212813976589865796894683723804309199935769952617665280045819895675985487533123113694897150244116180.42181798051603049371495528950702105146941137267876130419164709006093834399463951893
11851545815055849227226313554695814654239122512628154529434198721673533645034289581613201334766549101380725714415002512950002041551136173484120139526649770744420357257762908918401840924654208354387757804211923082447814613851560169450604268469873740314208532788365145144421347376412516328993365015327861693266425216613748869380001395910315.8778038830149707224419796936627916873466 4785707386429406617061808237973684438022134102516284213039615724790573271600867716360339058128091154025498333909749526395255757915398.293806839265929642514704003120768752015799361980162691939770425714166
6945167052684900778212745858355123281634933879693738560464871809336812341384696189947865.776256029421817194535775301217988548672922829196167071089420578741212347671613 496329850409172902880217020384932872320696034355384434258031003653449145091337066573511336290226174955914706395619610345267591291020149252288607363779615679870836859487822761379423085368568969127586969277214983954655543323624260851837686021643940639372174314678533558857898655041693432895897828693381284433882871633346064384246721814140413816804451141948664427312798948998672149207534157182804338998189153250848833340609547149154939951543848629028829674.84550186661996204703
54109518327141504538.936832269361 355265230887353351766273467060422558605647517266141555715091105739925862306992583962085214753945825427050664529585.3982202126937738965979884879295588532332315551483885294079664139172831678520922589570491670726611883723660522631652056191529
73422.8835083719927844135527 435105887702391738403056195096184521524218194581121447771311071829328368044329838975591554457165983179251345767150563568019245399133.750773346754291811673141524563800472383031964656936720029862277412796051876200428280087630005904245706034249216644702371797588425663769096343
526822091797624726826511865861.83673320441211217730800154593683790388403805163535072812650994403513556679540928385320302051045669491312575979584178545200255216412128777894610183673280527181516795566018759747234619630959085223736197129638219507583928506023934382276286050935847406535812266900376120486979935716285839104878794633231215430296634222052500176925414855599575117466041503677185656 734362621577895375189422.54157882114700809399150617629145196864154244596962096098250729422249757014546633170970826992518107349025782898414070676225451658
2278495501242533395073939472676724673266613972048205801818636842724237301716244084835114596045312485787629768089358828833161906388563767931865746476895962974923202875033.73423550016276628337681358879525143371747952015008571003939275817340868808580509850984818930510903533513172429241778796534214968416609128242789433874492610359761528083000388210735920326820737810013327155608494758922899882782003623869913447095858882251035647780327561381285410777432110047003242759129784400818510 8030402265203603783373846296496530928571063331014516605906338.29805961071024440789249951238821950236773529867789526890600105661491484339388476461799924928906777249757412729984701909041919228184762937243846190456249582226108470160498207589745952620816322064657813774433723093735338881618531566704506368783429902259349653639499962220768570382744643486021130903134726070160368325299752084391470485016689702825997853227721
943823668412907069826340184988670430560436104503519437488063010593166946683875815309823876138058777.2901718908745677919494915307399831543003386889134967808680315907691837337487000842792758367957715820202795557937108044575355244653515013644533214688 924998321607285245093273448525470581295374876716539911647759570935109162542604676347557833376343104290739689477829201742299435264987581309641014811827634227126537288387185152231161863835551557072263193141008074850345785191760172859989354788939070309078033817947572.243601411564602161781049398574538477376610110006805345189292232800709557663129532686156693405089465700951770840406849354822733432971569331731609442634573594837362611968446958737048052872742784
73301637359714197597403132978205660099214957218010400777640925089422332.0000690318230743489871723544298556837041200144089962517908171551317949404074063090396191423664608055435448538053834872034928548194335225374168851889805310190778395438741018498019579681257846466429219933379259610955264476874411668622283743480680534768116910525251434483805140387780854537969709546940165253528842999601441421372839843487999584810166643284 48541061101630542.355136607749119271115933221405531681560973139428911859473
71623614635480077222687093656418940232539179995350457209113595585038614400651039860621876301184279369416712627395388542189140438125996669107898976071258765747560989413136284155385929219568649586571246249616086262187963510856500857402135379351349802257074396031953148737476277771984338.94943283308640658589069520090522966843503896116787382685976666982213017556961653057879875512031902125281195874160522604912453420451094461996490904341831266 668853357385008275780952274536873181552299060249145516665985754223355854421892255822094934049057923053600599646173748159865491771249659416649532224.5691964198835222759962389500072295761903555515669401
98939549365284394975623629121144942611333210618126001921765614579169792.0492710469624038128243036 25506412857895994712973350932128301419627262175228930068365230464594506991361.5765014694051730659524556596672272234661324209887750897905094263085411423595270048168407832774559328163932885483214365505267651339513711014525383608939628156315830514046753625830465626191786002746655410974342241918968053313560660473137579611422274502531224429099397
5557440106972119103886764340641722190087.79068222959510438259639820088382037239946130813112840379158456411687078069033594094909534470222817355267136985669802722482189088989079067696231262312340718384348255117739414876373317 87131535968057273.28945957486263262545015037281390
12197695814597479.11124622174 5442803930046875844574863364080295009703899978104038446896344065788917130732184361379755154591315369368241830542640157485178836117786955572303748611594486579728081398509028158379068129472991357970991118500208529056881835621480466843139081547099899597260335051215997664371476648707602249782880384137422496537418968810577120036237496686797414634776562187363513885751306494179516382266916303805938704115034971030497328343876415981065513.56508906794718125356969163126739019176433925523212579803312174933
5719132430095299286431814093285845490083509292285381177970.18744714514082993285264702979522497603752177567195164422716276697719197537813649370743121338400256191594198847171578 8408450430098871549224939314033030532709327474358018547534749898351726271827583689888426999034962810.58882514843716200
43460274835429238099258065733848666196284389051405836880788862991318552784047.1791325034730178952793849299205254717547735814550863735761811938008415979279522275894423108287992473856382675094656092259358078063720 35144781432048694112434316344472413101217342241534286878927788864792545066362713824110483365692675876417292229329755807354643265269917724501956230820.7
738236950004288239083958781240951672835553971914785396660722432743286083291527295952947987047413393302492382820230888275012233007947545584426589.325919139836497703915469466 652925574873049219542455657745067335340928005995651340146768800991281776635705105269226111578895501823855622624279156934819807966672838226590066880642480808260411612989825059159979242107222435966069786737065691006044213014381155313715662540046178510238326934212608762383897064519792298126936008395026486148973083999615960353.9189664730238743033062198835129597698779301946902451975000367373863573485403719994940571800341
586765041230052548719310657931901020481214932695346913222921821828652004950790270993830847509885831806563641751611456.533216323195510013934441 1730798526456046223099198594543933441050608238657426016242298172075183443961433059714020028457068040417817990084539839711829798675812235790975768909457192579371189765230306716594498539760328472420921519447372794738289115016399284167109502390293508785061747459485345194149378356066935265553925318563789646629264211723085699850.35140118516134962007132499721145827307668479293680305060924638768594197708961021043139805082845381749266577996333725729005282181610370246553666306234746200010
6224990715733210251819096368690434246247604101232854466086707144705598947629458972585874508770702386337447759368303254484023544238903980705080005968581026129831580105036950232418905221689040144496314703779584913601376811051600180115588526155187066626595542356592748400011308166009032458032127556244722293368607659982465451562680275386781959361164356642177679228965416065680185230215188319.5775949 24796926315795293233330469929435024107583324168630827596494797123947323406993072824118111984105529550645699793291102305034294286479398402538636.80
303486176468198621572906255494676144111822818777887554132886260247124531119101057977926751808843152910635218682032067864345647762786553593082453495706996780710446261128864274327741.817609962336842488884933420968595098772468704461465988258735028346383017432856263106444506301178988836347701296396214078251110364076486190838537765802258591077219433143617144460676889670307896837792855222514317870913202270347367747935928670500208112508691683995811 725948518418981687589151070343834600737642347050654030805553253665383882971569917977316826006652466827947498.052174535623921845937507791625979666622502112053771286917405981873072998815023504715927272528337932475114343801473688245583688304442511625908335169688388553043190477784924907158029196973232801702215999844779894717315387176554538326158111491204562249952055909560631520424416916266551565185966092443578578765050282889861997
150431008309209332444086803713941484046.4652945129285649443380237699692450638777303932957911121754862600681041043454538856065340548104928100178357262042576651816179937279850283176538881974512493005391960950820498856209991559202049875551670448085428749602612979524966690072503000155875982892221272962825870434186303727688727992356385207566842804722673568031965204301624477345559746554755037238731347652588338552186394724320672033540593485741911012673314418335045696323608557724007271826168973070 91461349377914.407306248243090718481659164
4296651555338411401362930339269802429803121213714045864514113440476923373901307134256258606066876257712472397533613005221078538219630026149096792091872025306937448061432774260024993553557086827936729781163754439780042896594872290605746743303509031698233920444846387227654871755535105705951452362611527395717898799.6073926423102242322024672918734512497156257868784857541132738202211619462478298980480980926004153655938016688697635132562139559134932695477555450453976086503 6237109412710493696200661600823827995096325643190485673843605584991156919623254388590148007629557111415524846041200639109261230382115093063690293735925510628344877541423157178730333016351576676329613254077906497793065366140497822651896511965847015.503776723504356000500872439551683731524599520785227123509598198974570259690743245689952138211097920549248887470
8451415647259114727366873396122077598.0746804830303033896694226309528959163 7415738033161912870408118743995329215523274269250645486171998103564668467306063363871155290468750996890060.48130649567016528271626751853295196480281750212363398472741597564470462719109913198
65042242559391522804605796980897695054394464063517908935826177894100203126822873726364067703584271847879684546256341051696260529963063346614198365063936619759166280399059662262574381129512515399346643605720800783900998379237016740151547145194981319627217102856204340632724543636122221378557310932884243901668568946613.363078001113303344508090 554879355487440407474632237052786941001332963294759108342511877422051246293865829140169087208067155127214.7939256407453213569647018594959659509634125584931065802422011767092391350682483615591380301882629954848057279165980906606600544726075884715391682051656582191991746176993484253685349665577815430000104058320362706449196848517995688330929019689602498864867968600802729500840917377047117794713967375327517705746132516325617211724088801434784899882169761693210
4928242902022860359126802181108157045735522438561406069696044185923935409756704257398353487654854518231072587604945873699927468808477926788433662784295251051335995845295541168410413721937115544.97367969192169428758460545797715486119483441436090153505135523900859899068865396591997 510309586030425947662181494926813489717703201533971197461213669868725703091782972977520883022807459058682382988068118216195324651776841421832018410286367.54392893802753144848155
427433792006825888452927934311842846534480851039778427517201572285795936280329220399434220333356069879772181411429774877358218906418756262732216437695826569299469517796856980533829670453258122306208397977312979471959933802201865141319610522160522157.242730575399566475435904235587903523122472897890049299934078 833789767839572381409091333548909293006640077441611041358501597200917451419123290491910667994383516380321094881248234572435156578920081226382.3041121587023767791382613059816817284801773153901483806686558358605441505329227158472039480692875004522394848146065819211185308608383210102731699298804546784707679073342706600499611986819459474306374116223418156038559443631738454227406
32991812038199689030535974279838906068744856375271231132011222999521.197923525351491165677056049229670600747409392075906579631861170645734441953990420922820494299028974493503845650666333485813959774445382189840627204528533454031406519823825435882391473695348986776592456249945605475624560207458557107488484903395082333535500072606747013086848418225072027906644201148861775278018017847019302267444611969035559512547858429776881298468150091898523671453700244198780505 837539912134748649967356608892997010591993325558383413631997673395978048315626090523313583326098900267379439418560584715498823185786514887772360809293494834923861618682243584450670797343259701729667543428670489274855533818934469167789527.9596584
5376971690173752544224207004462183.2915683143548174387529186259219592330 829217039900634299579894923991512929283965798927032145856157813913294708049262461967921904342940160915934618880644565508804381775801986914653050394965380803919656361935.970027740790282309424323925
64545848895199132024957591436.67757874824252711791610636346355546755696390281795038697890412163944361284940607395299797610575553472216102203306863874813087143789270628098761692400067900938288817701515124264724759977252615109995021 19689060.79837833963431397922
36433145417370110113898249523752921580499621964887097479188724794730728837243410323377025922936185450459481336758707654126852969013092145910808493939520786036907353904219949204869205788210794146142758176379999111121473286644359121333410306066027928531311514767.981182715519693960357708801926668103538044979003000786754889834950845105622790472165802666821101703070586797402597957172368204459642654199536431292064 7095297904246668301537.703337602749404368719752472795521843266001658183014213689003343153970758862064006595952
67705731215516836824788665541541113486954304374820738386247676608706598455863489766330615577589611320410503.6172 1828629507680873291974339860726749880486686064019703553889200692048375.8205132743491558740135113074442528581832741613936709
3917164278237981682464975425630395972798107180509654008721641627163901710641133036523031535052553161537083932602327522353257952555571517422749584223225609361461703566361401675599847483919224097836112574181022706390528655829246539615049066005139695997820000425577959789613421998705133471.292010192609549110232177154188991667467959888374537501035837765722038216178121417956198046550484500313056127540 34444176217863657299610.7015768545046884198708585524167868177881674734
342736074721160429622479996279603426442734515878532385897381854688538381689799836878900294892974725656377442.911477547331297670721619815082405985868928481587467612977767254135607797929511083657642999688767142935923967721874112259666560828254787844059661372558096024581005464789321913708995377151296762401851226447795748085174018793114655347586552243740 68848744232093810150858412798900472654105604033308137834124991372660882796577717235427803431593474356821450.0801516794365041864029041934505549032108212798132658383707821229682792151667185208333
190063809742511925778767854335928071437395758203233980047.18446320000109451282909429767635633280178075836294040612417452159669809090796546177218292649960885586846510497591582749772573771932206859387235512415413542209117159971695929094601493605655351123187502749425664611941953618194052674606613422346 37396372519631765087362755266262592755182026174570353761213960193488364831501453669872893614990568769340993192810303885598042791050265574417833323358741591702473451593964591830752064803528174857325241022710000009710920507379315045965278227053279523260850188694652627861992876687387243179756217318813447336910293911023430074.94864228530391135359721780527964710
869969484358494881589238603056257512287235221025680038029843243121392345.1682231491802616991895251794543179445953787251134366869177910910760450541807567432354046263531704618079683352545334905666058490525754501383354453231596981851699542197 37700197130643031.0948165862676911
8467089160162494160502105475931496936305480819495299366528416031995158940166742801680547021709460065805449393843460989241510205870333080905872928477737834602512130839428003090219787490231775011062285493705584974994298765841130331617381499227367792955241759326609951359490522.54540193509339820418839550132571605825395326 26911838243048219214882177507800100632028282757963797943816061.33388845627351125596406968795282126475057394288992550391759258940317631357023796472054735046058
2622691533.42287549058890106494851094093089205054770583691689186156310232791151429350253573339129295846513944984159601715839592256626300459516014490030295000147148652112744616679480042540508877470130612172838311623768517389214172820960980525265408916503354485542381400709735970455158312302075109667268002744220129389888371789049583134644479463726091922613839232708442615889069609668814914046094370265772512234232223547037590768670686833349765877291274391872070028762256605637297271381636 3603158310574945029969329309138070716069289524219777829010017236753765684297483.949556537326142230845196285547164152223741165748380084619020089360109146256203953335956908542703574420410053
262550122755921472026069481479845098790934404614904157663030725521152562897591937324010073273096645518508.911562755960366796691068298544717911024267577568697084573680835369824707091068176076921973810785272044441693359458802449587291655280695979982626068632885595790969504251927553106621602801657353074640214808119720757670365138815818398963276573094504122701490217974171915899173699050421994654156541978180086923850703560881843529323 43079381295971404214357079993794446975735959966416655724757773589957229461250877224583731119120093863306377487397054205256171814774960542859725432372907330133548180987036811863263678231429491891199255527919528422573106399214180792199949025809711790045831423219758480381150550893665416697826911300223380814717469651808305396780502264846551203391841428324463194767109090113309877782772979052937901689328343569836753015899337925278925620306461340080797801970738222.7242
832785777808629690175875266263302014678704715883819267838181606590050923598481605358953373130866948552752523432295800332495511461600353571.16779082992372895180640375997146814709487479696159147 27435809980032306933124509737398.55374185954659902571734538111145986238369188120013498178
297984973144437941987330194962705194411284097938266334002710698967734900641709091296228613820245204659731643950164624387639429394444325596149542829302332500695176891673680822489240044538350257513043867204356482171905696252315.31533308703069243545596876410384816852966116114942798366999836762023548014225878253245664638176597274705809 351133979398130014154258941083723633766932203265769090854962049177199060393402886114746579223963441442813975446731140986964.80344877385760488988366961009297278910777257311191936758989230410970820976780770844012703470021361999270923550733335671536699730810
3268132326631587414629170918616070509821087739417343138719134129120607991402014998086896788971089322764.072835284400374912 89790559848280260490495024982017640657129680295206450928508282873873286427798741699123903656219072768309944332288698042280274969491851400008819202405127838714607427367588442192334146224030080034928325235536644060395394327124425685340972285694717133.16656211069513349416468814914654036070468112520795181345669981864143367136189798836212913097609002521577970671974804690197226232146170394238324
366081557481003743291985199091660316510.76203082049708624400658768993415830224414848671701693824094542147203673755841770662417742991273183791225014490929869998811727426114151004 23961588206248969433047365270499949286944701691896619967442163776273064362363961032341929.812784119529077973418404514962193808148841468989060106601625176085200857466837805477618795713750764790198434155383217154353341692080886492163016665
3987730483029989519511702321720103596276083396137.81743561697468006526559295056235498157202982334155218412251608222911756300511107366103027852676792077482480100422276290691376239118502866934396742188274960700916331049367432067746388300289113606799255342538709138582614828016553499269482161287369372799246899412077770862966291967165872646433772324910887541311593638709388768518029301772809048767837858922409521341971543612065093529828485922346968466807419891 174182395621756694393398264768326390902047351349029234543210619126056196975273264239817201597485109301312378861267198752734784521117347088353966083192154366682438230366450356151617295391048573049782823024227812952955366068504491059893232491993917170938269268214163699049869405642.26131063864687255178239333434818235157353368174682948
60620718971423672665936.222375029235292321739932584009239659840166133295711757134138090825478752061052088014080293259384063998558463272893658472150813995056099578605294210273645169666449249153164478050 1555857369267829675308886187308795912151242202809804516329123644196010718087803253946311554043386938856991896334303655421313169237881621773736934136548838784278657980228113035947328827389191906427667678993169226685155337089724354513688532914353290517956018049678443763939477341181359514422007419104614611029746804324310513364177641796613963159193699571351413632380553954225544437077062857156859862349013895332883805794509488187774689922805612122710300841374354.186413957818743220
48102879715997803628738672185740774504064795305398957238864599272417288209423783872048497477780337246183754150452745000.331416364874926804033 56105516208459922936273414686077566959868986122812114546550364750504750123558083361373510465367771651193380988756048215552260762629039736412839124924435327945708393510787807810753597901931847509826289338149789721490612363757590262097180064568194355598739416123237776175404077341087699272160.05478557611686576957441012435243823875645656577040506429151314731055425439272787931
434531.85875653053955889669324703729879589606693425772315153238228519228917119835528902024771236764392541892430005514350883255752725757836137170334540125216869017269250662238047301788392592606538084275855043598094797387935650217741534912902024323755021387531412011339761831414120032845395368847728421468362420374045560828297127919 2534095768638960714843747477318461324634649386372514326382215140796274004504636321629050957720625967613621998917179259965113366206108160069715034778500108739661645739727079532116921086091979443609209823426782827661702981578745482459347715916777096127761424714747902442633169100087518055648856582923649958215644293688454435.900871106438623697274729990258126285777577734685015422114538625345401735415583539753218007823
790353029773626004156403486620735214619948197826921687533444538644639936129124185522138835722710848229696238409781370471426589692039167433367775844770093946845557511608164785398267090104793652593286542966786472917895374046653999173664128299700096153072316879208797491680747626356491886720170471007167158642203751986764.46911351909519416901052599956989 42.8367
8213045211152232302515545778258574.0 349161649874095881106355684486011545330649808709352126655410158579071882571602408912165229548528407541685607911062676923463299395412.50426329280316251269425976681235524571924294158608433228597819605170386526967193641987197818545555542137259214191410338545525103147668563743234819959729713651416324
8353005886287967044334121371969588635509817025626461.6817916084920255922280623193012019115690389778603772077102211123750081445306494442922419615300310751156037157119339149866685684373714076005768878477845718447085403273520456785888354761907425569839855275709162154671720070867030882294472083037248166112555082070009840787955745060948203063819968689642135971197255289518106470569446121966607887404559063486761739909876821773729891067747364324567211122930999222019022902901044314 76331326929072468697743804601482652365957837355261900.72
86641942835.443794564012353383394787108732401770168279159867024854463417750521408127882995170641166108720033523881775379716578092063015827366288084281816602368993799444936797702396048843718495011755559706863496653827631668626661828225082251869432640243673 5919177035342013099.9124474609073757680596455774147756946989126345687845160593944803389670324068643832652195166450517304556235456260233535575121069114300853966385998127372087185164368638841981
704525791316068697.30070917174506392712126448425705800 45382585000758627561275873796446652033223747683682401126026327775580830873314745069271142472997243812908455610097697197327753417919263671213497086269868541882351137228586256930652438398834430166077932746.1835476243314406061263736876295705906425299839102899359452638964063881418072362604931267350070627589072969847375294671071648371839264215969600340638776826
8207966.9420053389781895783197528168875305817820252255048531512781004752768898096764094420197809388301243661 48226154315304097776881452888282852515129200405150164104710470999481538117370590569452619172607020114837123439.14028003295005872475171422924523415906672699594560214804678497497175086773796553604912808858376553808765014338132198462375230
575049896516406421587625253996165685379173912992883268015987872121355797833746297896953202793238012596786711989165505160407259398178990258979131485846351700315907838813729651.043145069791877982823038058286407385316211181073143860874063274289976714007622741371309144212221572648551486360693257630858736598092723448297857386 116719244061798794886362505396851874814799627270660362482565464364455049548367465415395019026432795111606994805149019155000641508948451365872644601637697767855769043909319009665059868433537443568288571607562512753914276692541581642.56243821722249422666422167615426704609002269779310643193358425694164596591791308712764146632620234212773282237139666456511405177940807202880571333591670294108491852135259528345382671232698723311825368072560853807948444844938996704185221645893213355303704102263520
52951011964970407895795469.54885740284416596698720674614186071469245206678607759224059194270903412582300375315468070483237894171212438 43589228502195509927326930253213836063650480377160673502739211140981820556928858146543383583906801734922373719438035287809900708448134389409835700631780905756637477973007848660312516766772669478213969804841031466977262846492294804348361626538278115596328567383356819074353444600748997925403237835196781948710.970805954620858164139577948245617324315561611653301284628773475566941369932312297952569801835363318579559498487624929135579622927051999405897431579141092144476730028
96703923358000002840586376287732496211424633813492896007062713901581366351090611685916748851345692892233065616605274293767323299662.411260433681604205167774320094635737191969547916363723383431 2675686849131393533257296597395256436669695332004372508317918772222563219810750731977.851469121143780683678276097737886807182720246899658894977191569897812932537907687759622397157
3017748150091742040751614307857833981605645939965075866637405748542604020957997.66389420750110870511474709609023913362089441849821608675279863847147773520342232122908157282672161212051 3211381365408030686217390111477755557999461742254775640482544510670782845509811335808808336820027543326599080843730505628159263306664297873692124394624610899984864185927893742500219777478913881649813715764258156553702189773842235466464936596056321504949577602754930182348368422479711947925946.89123564977977138864748766983886674670483734
642653916894298051346468864875759382143672285964525576357965811676936481108596182671622979821189922975106890510827470929785906475977377602980673606477548256577985878597531120251235903378633317649981944106165258641653298154525401882869331101140.816727783301803695866948223112950976628451 98548094974094864516098051475957266916651936501699695520732831882124237596442041780975332238830619100085167314463319.10988213048836032372681563244211881026159657060739128998930761198610917853860167966897736303776227432844630084212646036991198056745422716525869919830370775464759975572358380795362835755755754743961734923993095369
996627332894713663785985448573482652193298972073175030527158452968027434505437044940039627238649052907065451751138586946037785208192256243804326668970719907930509919413657495862076133405505441960353357947528124334275460042222449340850055682.0563399082237380377956431290141626570238732075094870504352639943902812629301617121957370183906509999923221816141367933866568650139765593773038734146232157961216162630379721177093300214103585498878086396563689464723265780818869720240407 538837924566645757290860063093382723843531339649213138200928610608302317424304016779528685.040257493313321461248299742656462363377139275917357054193127234786681302036101035358948517843849350899846655434441539135913807831868636065980205214967524847122388372698161676735854798077754174790
662525582322797015119585391453187841991154816539215910094849378177.25041494258409569946269076051767010535040289704491421524119834347152296329484698825180737784813081256448549261181629640413625524358377355175621568041864959839974970966352942624680647482045787082367861564555223730316685444594571758483955141198336919004 3468848531178620571215038.5912064776465257323767523218793599905417010156399690321085511254114397950622075655749477275561080305550175368151005619742471047188609616958383840197523511011989156383144570292928453758620232906588865233543353062271380005645089770030275523376595564233992443137884595459693940035294271099494370913706493004563440731991420785342782896165150466841521802795267315503006393555319665823249056916
220288343276054308.08350814197408954812844905003128223000242293276763253776628620887700412027474806261540288384047055983509563082807996099752308550926675268502293305736919435534282855216622173706951888703847884293775484522681639661244979676876774233313799607278122303763891785825326655861296778320716165612187393291433 569213077036180524525857235923078442749516791484027.5247920957423556123378607699420743553358442841801895987805
417654644497742819936938702918896863934108876.4046187086237496397394588733775761097731940177579037926322109212060335169300932110109864302028082637365047772319520223542057130126387789441588210357374581427083360030025698126316285532555777143917752409672334105563180168595949411635009428819159547551085329076280879033076134128693005405233407436145478183908392144955973439834502207743011369586334147962665670599633749764666779831193247674053608706518151822611004001715758746142969388082647098617448610759 33423806782892631919625588125811208982643696418799944827869278588445781002373083926924631339849164934876857032494880823811741359020929826334.73120072883934468140079696
1573333.259318100425415 35243005786186345404047910151913459737577775912944925800929689182546654730289115396569321987111440791278205295927313465172536198759594670737686711476681446252979059574484592280176420373021017092536122285861391016474031456795333496904781718812615.21160636750844738628045603676407
101529.4017685372184151204593174772732835962262409377730344214095139163228679977026098419835612691198859694125849702533141843648607392895317394342753648784248676136677498108971481716249381690672304704384855570670369855869574941169309626427553943779798338119167398686483562523434585360369229815318244952537129979666691575910604822738313555568713587064708124073901263045632552730013541901974593763700033424685250646222617 3350678475475419696644700351546099094425077492057514662431680901038637782137127779701501788463730.70818797363340670793844986386729754895752140481089675397870735056884218569608477854758480328730491139743315299694130512570856640202807977006725343088301254507126282564203298593827693520767
3426210837763767569151102736799155812285140145925791327998353385229433146904285155122960428028668084581.247801866548800029940260806501947870277942227335219025637099606342439119661339398596845483049140127371701941111491654916079824800151597105975696057791622231117420989405499384706704307219793251127923125937862861061133573620403632642772879430463020318993 9743.48269
6623893496466101362223586485157350516260206447243478350219779579035001624169533779944854540708917800106652398137708523794020136102441763617399690101177507774136294802764009408380442395602620312098745714014208001981339092782133141211236274257722198622829.7362602063709288909368432370911013254281658712160789937452843617824597438359596990420602802345581357070867245239800386349612218143734577829420419452950618419948195224341685107288815 59484080019816215583472716524257069524978330917241134763288494539176040969349494355102770345633150323352319362526921606175253467124904638655115188438248914673533074121656471113478551075851430051265527087832809988859056747510218364835692992189156414901320029860886007068521084371367529729231234448747.14434404962541047233117180522080288632408150450871410178894240538467403478812735243189267931603319948614280462893327736709999873546897281858932264656760992874474923576282134045094626128896302677727834
8736880407009708146668817644041687406378412929648667113345787004548531275878699326865679488009284900803106442028424968063051484495563222109319724418719744814926014896343773280039694349120380213031981678211346515928478472008645594906045976253461491675557678601584679031836237678669263.200485333493483503629067299147323609911260164763318748500250394426746915853518852627343957238175058381992429357215648358401081707616046368489661734527472078506811 4698638501501664045923875749795068718533444969367407323.42742369366633068079912212098732395701394851826966715336103945248680569231304714988092879301855410621284328362584553676824570501116775228767323997653095661675527600596620121970183191138995658267218380801899517794313874068391276
7069151390194646287740290131640184261445964.021291606705868135158051368151800797877400172444318697635696742659566306070445956250724666761055731355267850128128374557099546446704367572190492053423939966615114702752178604266091819894290277622816725726329614066470273350734051685705560833534898744858223093974736797659165 5406975430966357417904139269548203831429705859674120988286148874610582008439746231282070897666604264337762437117373339258633684838895650787899.648357568797335836745881143616802154132273466929156848649827727630959425137955709226777269327387603175316991054023811331933847357152715554761401564468255471702929715160813137860121908326293571236373577631219766542729822421701080370492788537173837404492604299479503111264196
3846544171633640418785359335970587630152337856255095122788052680407429205824909786682830729547848541655122272199247243979532990201393812.9643157041838935525514881566524874023096117508246527497119654367988607023789346507696570473763578813498421252612624102603598581732596092472419217622860271087746154930003436984467029658982567942142105302479969795153876344454361446218308092534604815890209731 41219592037336166748510595648190659206161263420177662386.67175671467170873361503403738982809598003711166493382836155686488204507337337191597648756618357890847715862708463191544115895434851568951133521077982781848957682825767
4609192532942837331631092029518447291202369959730668618895551775043820076062973141730168153521360988934533397014811261529014708035438725560666747187815473431725261127907951095744024868627886838390664646453985638933472373335567579468778212678713575035023298714984256115499001164814666278674442611587386256380787786797335361403878022607385932054062233299137470103394096162077.043790965641838320293788704532230492713682 8883941854467069883003269611134224016377210062407080031941955190237202895319636810300018931788188355038174762145993711193116.855709706744641965086369
424576410900426788.24 38.0385373539834093399522986539143758105677549459678476124668335428018023791299659783522429968614096102298667329038
54329695373580562433766539763936217837063342072590704418242642981.086760625106631835616318540387513122736029593585331502509539976272632893463479039443166655056494618426124838336820521863758384091415692154225546359900 4451.9307710891890623724688415573677686359387918500999628103970740270096553489387477469438230626024790486716965324321710588929793754113339483522298274609182198353
